  1.64   4.78790500
  4.14   3.50020060
  3.80   2.49856955
  2.22   3.65913508
  3.03   1.95268515
  0.24   3.22875799
  5.53   7.14257239
  1.06   3.74741650
  4.01   1.70224197
  4.04   1.68771985
  3.35   4.52841257
  4.45   5.78595164
  2.82   3.59270814
  3.95   3.61256321
  1.69   3.78859376
  2.30   6.52624621
  3.97   3.24702166
  4.03   4.29832728
  3.80   3.51050266
  4.13   2.64461039
  5.88   1.61060478
  4.48   5.54895606
  6.19   6.19897557
  4.95   3.54178937
  2.55   2.92609406
 -0.44   3.69155387
  2.00   3.86732928
  5.46   3.89638045
  4.86   5.09009692
  3.31   1.77576561
  1.49   3.25387934
  4.85   6.06921898
  1.59   3.07673529
  2.95   2.83323450
  1.30   4.82882926
  4.73   3.82485124
  4.66   2.49425557
  2.72   1.99897484
  3.12   5.05226519
  3.16   2.11290430
  1.27   3.46834047
  4.27   4.95830056
  2.64   2.64906732
  4.47   5.11633046
  2.86   3.30742068
  6.58   4.68829810
  4.11   3.34252307
  0.20   1.91184006
  2.51   3.75736229
  0.98   4.43311023
  3.99   3.45404686
  5.36   5.21707004
  6.31   5.44027532
  6.26   4.27206205
  2.24   0.91521956
  0.26   1.94334813
  4.56   6.85640436
  1.52   4.05187791
  6.77   4.50992613
  1.86   4.37520009
  2.57   1.60388398
  3.43   4.89421602
  3.06   3.32793889
  5.47   5.36584194
  2.79   2.52942018
  1.52   3.31645479
  2.37   0.32240497
  3.91   2.93839543
  5.74   7.06919470
  5.67   1.10810767
  6.77   2.94335142
  0.82   1.62547558
  1.99   2.95708317
  7.12   4.53045128
 -0.39   3.50856794
  1.08   2.70099448
  3.51   0.58628511
  4.14   2.95699685
  4.17   6.85850214
  0.15   3.32225499
  6.26   6.32606788
  4.83   4.97122361
  2.26   3.70940166
  5.50   5.17025741
  1.76   1.71359630
  4.07   3.43676903
  5.07   4.10382125
  3.70   2.50826414
  3.17   4.01829314
  3.31   1.86944870
  4.54   1.26499777
  5.68   5.59127305
  6.79   5.48250602
  4.31   4.59536052
  3.29   4.07810516
  3.29   3.51720565
  7.38   2.17528655
  3.97   4.44961714
  7.24   3.89226911
  1.78   2.94681976
  5.79   4.71094801
  5.21   4.70323929
  0.92   5.10815524
  2.99   2.41498895
  3.02   5.16487934
  2.27   2.84929987
  5.98   3.91974286
  3.57   3.64118097
  3.35   4.84555800
  2.55   2.30107236
  5.46   4.82857337
  3.39   6.49715776
  1.83   0.75445483
  3.46   2.20514939
  0.62   1.59147162
  2.86   1.10001797
  4.76   4.33889718
  1.76   4.88435357
  2.39   4.22934136
  3.77   3.87055273
  1.14   3.62440479
  4.03   5.52781426
  4.65   4.96106636
  2.73   3.81061018
 -0.20   0.49438077
  3.91   3.38286974
  3.78   5.33082017
  3.79   2.86655285
  6.62   5.82215559
  5.44   3.04299042
  4.67   3.62366682
  3.11   3.15596530
  3.03   3.86928992
  5.37   5.72252365
  1.79   1.26793122
  3.53   3.18296734
  3.66   6.74332668
  0.41   1.21351846
  0.29   0.68813014
  0.75   2.25195292
  4.22   0.96848679
  1.56   1.33199127
  3.89   3.57883711
  2.23   0.71100956
 10.01   8.19569470
  5.57   3.90364486
  5.04   2.24593454
  2.86   3.36579700
  0.35   3.24509299
  3.13   2.83132868
  3.10   4.62921463
  2.92   1.51379944
  3.63   4.03221520
  0.92   3.52023351
  4.86   5.94552898
  4.49   5.99160366
  1.60   2.41199867
  0.91   1.72927253
  4.35   5.72967454
  4.68   5.36978329
  3.42   6.42338505
  6.81   5.84978395
  4.10   4.33172691
  4.41   3.88433940
  6.11   3.91438068
  2.12   4.10692254
  0.63   0.10586149
  0.86   3.79654795
  0.44   3.06587099
  2.89   3.55664029
  3.56   5.12829411
  3.61   2.83715638
  6.32   5.08968776
  3.01   2.49846257
  4.64   5.16191617
  2.90   3.97368876
  4.34   2.59195366
  3.62   4.87813069
  1.98   3.58138494
  2.90   3.45459499
  2.90   4.88867355
  3.37   3.81887083
  2.32   2.38651671
  5.71   4.10994446
  3.09   2.94516606
 -1.33   3.00563812
  4.62   4.61277445
  3.96   5.86667273
  4.24   2.97346813
  0.18   1.58143385
  4.20   5.18944714
  3.48   5.14694509
  3.23   2.17461728
  1.71   1.62844948
  3.85   1.34943543
  2.25   3.85303017
  2.12   4.35702971
  4.98   2.78335015
  2.57   7.07926605
  3.20   4.84378306
  1.23   0.87256218
  4.78   5.02663789
  4.66   2.02786774
  3.83   5.15707240
  6.71   3.68264202
  2.94   4.18996797
  4.07   4.15015946
  6.53   0.55775879
  1.93   0.40340657
  2.97   3.62239890
  4.11   1.95472294
  1.87   3.17551642
  1.24   2.95517536
  0.28  -0.98298443
  1.02   2.96729531
  5.70   4.35585811
  4.87   1.31232281
  2.64   5.31933499
  6.84   6.00932641
  4.42   4.01334750
  3.69   4.22679764
  2.82   1.95288472
  4.27   4.71130015
  3.43   1.33955463
  3.34   5.06575817
  3.29   3.40310044
  2.99   3.43520893
  2.74   2.93850531
  5.20   4.18048485
  3.02   2.66153799
  3.43   3.55717396
  5.70   2.82473550
  3.93   3.55893835
  3.78   1.28005906
  5.58   4.80967991
  1.14   4.71142506
  3.65   3.22576527
  2.53   3.72750367
  1.26   2.73253868
  5.54   5.21793860
  1.31   2.78385048
  5.03   2.86031891
  5.11   7.00086246
  3.76   1.33195134
  2.34   0.58837847
  4.03   7.35928824
  3.65   6.38623173
  1.82   4.87404245
  4.44   4.24680822
  5.87   3.42505819
  4.39   2.89293627
  2.74   4.15099833
  5.18   4.90595461
  4.68   4.53834302
  5.34   4.09559084
  1.53  -1.18871107
  3.92   3.52114471
  2.11   4.81472904
  3.25   4.88496279
  4.00   4.33784391
  6.18   3.32836893
  1.41   3.03366870
  1.93   1.64019143
  2.54   5.39336110
  4.16   5.72612260
  3.36   1.92349897
  3.10   6.78844652
  4.86   4.28706171
  2.48   4.23558168
  1.50  -0.69539973
  1.32   3.93900049
  1.73   2.08291697
  3.66   4.22420014
  1.14   0.63821713
  2.26   5.04761158
  4.45   4.91329471
  1.38   4.59912851
  2.22   3.42997433
  3.49   3.80185379
  3.61   5.17130767
  0.71   3.61895259
  3.21   2.98403379
  3.08   1.29654008
  6.62   5.40715904
  6.24   5.03105821
  3.86   2.75430936
  3.55   5.19495438
  2.07   0.60912519
  3.19   0.81228780
  2.86   6.05269681
  2.20   1.88627167
  5.81   2.90030177
  4.10   3.59870818
  5.86   4.27763150
  1.78   1.64703317
  3.54   2.88587915
  3.43   1.48105651
  4.56   5.79522695
  5.01   3.50532518
  3.71   2.64260757
  5.70   4.62100786
  4.09   3.97905704
  5.09   4.92555238
  4.07   1.98272945
  3.66   6.94754240
  3.20   3.58761621
  0.33   1.26197542
  1.07   1.00131235
  5.39   4.82782340
  3.21   4.26315523
  6.05   7.90330136
  4.38   1.59066471
  5.29   5.50070656
  4.41   1.60736219
  5.84   4.40177502
  3.69   1.08038284
  8.54   8.64297386
  5.68   5.17583131
  5.84   2.81083549
  2.58   2.51280502
  2.06   2.12410724
  4.24   5.59318617
  0.53   1.05893356
  2.40   5.17914439
  2.43   1.41110255
  2.16   4.80531140
  2.02   3.88581628
  4.55   3.20452627
  3.16   1.21620436
  4.23   3.55627314
  2.67   3.13880198
  2.38   4.91373450
  3.50   2.98821371
  2.55   2.44804371
  3.57   3.63273053
  5.49   4.52220001
  4.55   3.63166433
  5.56   3.46728319
  6.19   4.16256244
  4.91   3.77305138
  3.92   5.99676439
  4.62   1.44566960
  4.38   3.21383034
  1.79   5.00847151
  1.65   2.54942838
  4.10   4.15804312
  2.29   3.40200929
  2.55   3.48458914
  2.69   0.74933181
  3.30   5.33359879
  2.74   5.47919145
  5.79   3.06920693
  4.13   5.24635496
  4.25   5.72233095
  1.93   3.61245803
  3.56   2.21303657
  0.55   1.82755199
  3.63   2.09431246
  3.68   4.76777757
  4.04   2.98950744
  2.06   4.66615906
  1.96   1.71339782
  3.06   1.20208049
  3.21   3.99778079
  3.27   4.29873932
  2.55   3.03099370
  2.11   4.73459121
  3.92   3.14326354
  3.47   1.82991639
  2.89  -1.48453228
  6.25   6.02119484
  2.36   2.83773285
  4.12   3.81683597
  3.57   3.14927586
  5.37   3.28942833
  1.91   4.06898891
  3.26   5.17762687
  1.66   3.32829633
  3.86   6.99840876
  3.86   2.28632518
  1.94   1.98860127
  2.94   2.79152502
  5.39   2.79375392
  2.33   4.81271752
  3.23   2.32184171
  5.15   5.71507381
  6.21   6.79896938
  3.61   1.09296642
  2.34   1.22221553
  4.16   3.08044709
  3.06   4.94140811
  1.13   0.90323700
 -0.07   5.62733317
  4.33   5.55148539
  5.36   4.86970284
  3.12   6.87097699
  1.35   2.95284008
  4.87   2.82179333
  4.52   2.49635116
  4.82   0.80600165
  5.39   6.47465072
  3.74   3.78128835
  1.49   4.49794987
  1.91   2.90551949
  2.66   3.63257587
  0.34   1.93273566
  6.65   5.42249538
  0.66  -0.28084609
  2.75   2.99640341
  0.96   1.65166333
  2.01   3.17195467
  0.03   3.19694080
  2.85   4.38068611
  1.61  -0.21824764
  5.67   7.13615350
  8.03   5.09990645
  1.00  -0.15996983
  8.68   6.49185108
  1.18   3.40689208
  3.95   1.60166159
  3.21   5.10583817
  4.66   7.04435771
  1.67   2.38949913
  5.03   1.26169405
  2.52   2.31072205
  3.13   3.87107932
  5.08   3.69794963
  4.82   4.79304803
  6.22   5.30388377
  5.45   4.19262348
  2.02   4.19769827
  2.20   3.48803662
  1.30   1.48129647
  0.62   2.20918526
  4.95   4.93404812
  4.85   3.75522279
  2.77   2.78960407
  1.47   0.58451280
  1.92   3.36745969
  4.03   2.51800583
 -0.09   1.45541081
  5.00   2.79335898
  2.95   2.78299667
  2.15   2.45196214
  5.35   5.35886233
  6.10   5.56508071
  4.07   3.93705263
  3.56   1.91360062
  4.04   4.51394800
  0.28   4.45518899
  4.25   4.21255307
  4.56   2.31316965
  1.91   3.56179642
  2.88   4.74401321
  1.13   1.45025441
  2.86   1.52250501
  3.22   3.69013861
  4.16   2.54035505
  3.77   2.35994981
  4.28   4.66753783
  1.12   1.84346512
  3.15   3.57588020
  2.86   4.02103551
  4.76   5.09976421
  0.55   3.35689255
  0.38   0.52620353
  5.33   5.29576894
  3.70   3.76841293
  4.94   4.94016312
 -1.73   3.32910765
  4.07   3.54546445
  4.23   5.74163485
  4.97   3.70721323
  2.46   2.22261672
  1.02   2.86238570
  5.31   6.32579578
  4.97   2.94655858
  3.55   4.01105718
  4.59   4.19687692
  4.58   5.00406850
  2.58   1.77153118
  3.54   4.74774405
  2.11   1.90501821
  4.04   2.48951517
  0.65   1.89525298
  5.01   3.03434999
  2.05  -0.45822724
  3.04   3.07517447
  1.35   4.85860178
  3.46   0.27903567
  0.52   2.27124217
  5.51   6.38914971
  5.41   2.93582646
  4.40   3.93644297
  5.37   3.66590210
  3.18   1.95703834
  4.62   6.41520061
  3.06   5.93893038
  3.16   5.75878207
  6.08   5.52901386
  2.68   3.81775181
  6.83   6.40468061
 -0.73   4.23805834
  5.05   6.92919919
  5.79   3.77625360
  2.67   2.78351657
  5.61   5.19957881
  0.39   2.19909847
  4.85   0.22437743
  1.64   0.70630134
  3.80   3.88605636
  5.04   4.62966808
  1.32   3.84886229
  6.09   8.00567328
 -1.03   1.52314622
  1.82   2.86914503
  6.01   2.91845654
  4.42   3.21756176
  2.85   2.09122562
  1.83   3.16135938
  0.86   2.90805362
  3.88   3.11968463
  2.86   2.18572307
  6.66   3.61341234
  2.37   2.52612549
  0.97  -0.43887173
  4.07   3.16316414
  2.97   3.40455988
  7.51   6.53650993
  3.28   2.04669332
  4.26   2.92355183
  4.15   2.37075208
  0.72   2.79643964
  3.51   3.61591473
  4.04   4.48712316
  4.70   3.02002460
  8.63   8.31688238
  3.73   3.53348595
  1.48   0.89505184
  4.12   1.36217193
  3.60   3.30320342
  2.34   4.62132355
  4.72   5.20483702
  5.43   6.17745620
  4.82   3.50413402
  4.08   6.04893417
  1.41   1.60406602
  3.73   2.05243128
  1.97   3.88100027
  4.00   0.51295138
  1.12  -0.79180926
  5.07   3.08372873
  3.85   5.79120942
  5.67   3.44065055
  2.46   1.91456948
  1.07   2.52980955
  5.51   4.83544865
  6.92   6.69245303
  3.87   3.27293880
  2.33   2.96817507
  4.00   5.07817810
  1.05   2.71028358
  3.68   2.25684506
  3.09   4.24106654
  4.48   2.90474256
  4.22   4.29338300
  7.02   4.32916667
  4.17   5.96672747
  5.35   1.04605529
  4.62   6.68863771
  4.23   4.16601812
  3.30   4.58594211
  1.31  -0.42659588
  6.18   2.92632508
  0.35   1.41109281
  2.46   5.35873506
  1.97   3.90755977
  3.34   2.21100263
  5.37   6.35623590
  4.15   3.38319908
  2.76   3.19770345
  5.29   4.65197247
  4.37   2.02236043
  5.56   4.34563198
  2.51   3.03206517
  0.89   3.16140588
  2.16   0.94270652
  4.72   2.48616314
  5.28   6.24719187
  4.29   5.65886898
 -0.02   3.50743581
  5.04   6.13116582
  3.53   3.99488169
  1.89   6.49418958
  4.70   3.59640295
  6.91   5.53839989
  7.73   6.43546327
  0.72  -0.55218266
 -0.52   3.06482987
  5.05   4.08336228
  3.37   6.48422721
  1.80   2.31373665
  5.02   4.55204020
  3.19   3.03263426
  5.20   2.58762646
  2.98   4.53860074
  2.67   1.06734450
  5.29   1.77017508
  2.13   2.48922728
  4.75   5.41529475
  4.45   4.32291852
  1.83   2.86929841
  0.36  -1.23581471
  2.33   1.46145471
  2.38   1.60132137
  5.34   5.77015044
  3.97   3.55261841
  3.26  -0.22318768
  2.41   1.76460783
  4.12   2.76964596
  3.08   3.28123947
  4.62   2.98745001
  4.26   1.77549139
  3.88   4.53300598
  6.56   5.23959938
  1.72   3.90826636
  3.57   3.29670810
  5.25   6.96000859
  6.40   7.50902820
  3.11   7.02842856
  4.05   1.98718000
  3.37   3.67177872
  3.26   2.40554197
  0.79   2.16728577
  2.55   2.69903916
  5.61   3.21599986
  5.35   6.53371964
  0.51   2.55101004
  6.93   5.83902342
  3.45   3.61661751
  1.85   1.96027452
  3.53   3.37497781
  2.24   5.51517954
  3.93   3.59176148
  4.58   2.42426533
  0.83   0.48457119
  1.80   4.77530956
  2.98   2.85503117
  3.79   2.98098189
  1.70   2.52404267
  0.90   2.71436025
  3.58   4.17005210
  1.23   0.19747978
  4.53   5.24686345
  1.80   1.77948213
  1.76   3.72744979
  3.88   2.62824403
  5.49   5.02552983
  0.24   2.19530135
  3.78   2.79542824
  1.83   2.89244715
  6.64   4.56274027
  1.10   3.72840900
  1.40   2.66829820
  3.26   2.56201080
  3.97   1.31866781
  2.63   3.16498018
  1.77   4.52427752
  4.88   5.60535023
  0.44   2.92718634
  4.72   3.46452043
  2.52   2.87022933
  1.67   3.90051801
  3.11   4.30690326
  1.66   4.98799189
  2.99   4.82974201
  1.49   2.97353604
  5.58   6.23337054
 -1.31   0.44401604
  2.46   2.84251124
  4.47   2.96819023
  3.94   2.94401110
  2.73   2.67883559
  2.44   2.38614658
  2.15   6.09488400
  3.54   3.55212449
  4.19   3.00937130
  6.77   4.03232136
  1.32   1.23796463
  6.64   2.14564319
  3.99   2.40268295
  4.47   4.93802092
  6.71   6.59253881
  3.79   2.89750043
  6.80   6.73321924
  4.75   3.30154700
  2.98   5.59646166
  1.78   0.55495928
  3.94   4.00493683
  4.98   7.31986184
  4.35   3.90360601
  3.18   5.14641994
  5.05   3.44303601
  4.28   5.31925562
  5.61   4.05536422
  1.76  -0.27358026
  4.13   5.17878649
  3.96   3.13723892
  2.38   3.08076097
  2.38   4.67189680
  2.17  -0.37125240
  3.40   2.17315218
  0.69   3.64232858
  3.68   2.88193937
  3.64   6.01279302
  5.77   6.21609606
  2.71   6.44513666
  1.59   5.12293822
  4.07   1.84360972
  2.51   3.08221742
  3.13   4.90939942
  2.45  -0.82827109
  2.44   6.21391087
  2.87   0.20539281
  5.67   2.92775936
  3.96   3.36660117
  6.69   4.47560791
  1.08  -0.30792125
 -0.32  -0.84338423
  3.06   2.00055168
  2.27   3.59777499
  6.04   4.66222153
  1.67   3.69938841
  1.40   4.03308667
  3.27   4.13810509
  5.04   1.54716978
  2.11   2.09972648
  3.75   2.97078194
  2.18   2.17532457
  6.57   4.05651263
  4.21   6.47716497
  7.19   4.13154956
  3.76   2.55647169
  4.65   5.97650980
  6.24   3.08859992
  4.95   4.89003766
  4.28   4.84073953
  5.81   4.91267323
  5.80   5.38347242
  3.97   5.55552431
  2.70   2.70442575
  1.90   0.89067255
  4.75   4.42161079
  0.19   2.97378396
  3.79   6.35249517
  3.02   4.04833512
  2.94   3.58268843
  2.73   4.42126813
  2.96   4.21588518
  5.66   6.29511488
  3.91   4.32598610
  1.61   2.95387891
  4.68   3.17779187
  5.56   3.92283772
  0.96   0.97415951
  1.45   0.91246238
  1.02  -0.09145766
  3.22   3.45778059
  4.19   5.40419122
  2.97   5.20024583
  3.52   2.32679293
  1.40   2.45651148
  3.05   3.51596643
  2.75   1.58819290
  4.85   0.48030512
  2.35   3.08844288
  4.29   3.56105194
  5.72   3.62993970
  6.74   8.19078392
  0.47   0.86813465
  3.52   3.75757650
  4.33   3.85006504
  3.92   0.92684850
  5.44   7.11594882
  5.22   6.19879245
  5.36   4.08073761
  4.17   5.36284712
  3.84   2.48116639
  5.03   5.13244953
  1.20   2.21743193
  3.55   3.46616119
  2.55   1.68665757
  1.94   2.23564686
  4.86   2.44203222
  3.98   3.40071325
  3.76   2.11144771
  3.33   3.02694733
  4.27   4.62426910
  3.09   2.33231897
  4.64   4.04030245
  2.96   4.93191729
  2.81   4.44845876
  2.61   4.20338460
  3.05   5.37855192
 -0.44   0.15626508
  8.07   5.71813106
  7.40   3.11649486
  1.44   1.96866002
  3.07   1.95388414
  3.89   1.77942358
  3.71   4.16842570
  2.03   4.01047045
  3.67   5.11951302
  4.42   2.66211246
  1.75   2.09828517
  4.09   4.69315654
  2.60   1.35949640
  2.62   1.43323619
  5.46   6.07862400
  0.67   0.62939143
  5.20   1.88176966
  2.58   1.11801213
  4.03   2.66428300
  0.72   1.07530761
  5.62   4.64286254
  2.59   0.70485103
  1.28   1.48150698
  4.62   3.33627343
  2.73   1.50986591
  3.91   5.98159152
  1.86   5.07385149
  2.33   1.82275702
  0.15   3.27610165
  5.96   6.00778856
  2.41   1.09761656
  1.80   6.72416342
  5.11   3.16696684
  2.43   0.88181609
  0.17   2.00277863
  6.57   3.93041834
  5.67   4.04899643
  4.06   5.88903524
  3.08   1.30464030
  2.10   3.33966740
  6.48   4.27286724
  4.49   6.35242974
  4.57   3.18225850
  0.53  -0.78705280
  4.92   5.79839131
  4.59   3.42757310
  4.68   5.05244613
  4.97   6.70006201
  2.31   3.42996481
  4.92   7.10604943
  3.29   2.63554440
  3.06   3.03361006
 -0.49   1.69444367
 -1.14   2.88014002
  4.43   2.33292859
  1.85   2.92843956
  3.86   3.33922474
  3.45   5.32810598
  4.19   3.23820052
  5.12   2.51387134
  1.83   4.71556765
  1.33   5.79513946
  4.20   7.35219260
  4.20   4.71792798
  2.82   1.52493295
 -0.47   0.95457659
  4.73   6.85742700
  4.51   4.04491717
  2.63   3.27614452
  5.49   4.16169100
  1.27  -1.14963736
  3.46   2.52272611
  3.90   5.10682101
  5.47   3.43584854
  5.74   6.53165706
  4.77   3.12873942
  3.13   5.73537096
  4.89   4.37809618
  6.79   5.20953635
  3.63   5.67013038
  3.44   0.71252777
  1.04  -0.29628439
  4.11   3.03888001
  0.35   2.52830017
  4.33   4.01344223
  2.60   5.87156161
  4.37   2.17370069
 -0.01   1.32425796
  1.08   2.58850086
  3.20   1.06573939
  6.74   6.87930146
  3.25   1.86828313
  5.57   4.18066960
  6.34   3.20040590
  2.88   1.84469494
  3.14   5.13373818
  0.88  -0.52826858
  6.47   8.64390234
  4.89   3.14633188
  1.63  -0.44736986
  2.09   4.66285552
  6.04   6.26967658
  3.56   3.98658682
  5.60   5.01916348
  3.91   4.78689829
  2.05   3.01697243
  3.11   5.71521934
  6.32   5.69578607
  3.70   8.27687327
  5.72   5.15290891
  0.74   2.25471209
  4.01   3.50631640
  3.62   2.82842915
  0.28   0.63544669
  2.24   2.27720200
  4.21   6.28687047
  4.25   4.98456797
  8.17   6.71355358
  5.35   4.08953716
  1.09   4.09271657
  2.29   3.75891396
  2.03   4.00120819
  0.06  -0.11933878
  4.35   4.95618207
 -0.04   4.44455845
  2.56   4.90413173
  5.00   5.04563177
  3.03   3.37744141
  3.07   5.51261224
  4.93   2.56115626
  3.28   2.72222388
  3.59   5.54422219
  5.32   3.69460607
  5.44   7.54914495
  3.91   4.46750465
  5.02   6.07621954
  1.99   2.69748482
  4.35   6.82065300
  6.35   3.70854539
 -2.00   0.87505507
  2.47   3.37153506
  0.84   2.57674384
  3.15   2.35276289
  4.91   4.28463433
  0.29   2.35455177
  3.16   3.39978515
  2.40   2.72729070
  5.15  -0.38082972
  3.44   2.40748995
  2.88   2.33493269
  2.06   5.71908220
  2.62   2.34060235
  4.47   5.22969917
  3.01   4.03713267
  3.01   1.50984734
  0.88   2.67297263
  1.00   1.63590994
  0.78   3.29343688
  4.65   3.54028056
  1.92   2.90432515
  6.11   3.88622270
  2.73   3.70627857
  3.11   4.52950325
  2.51   2.09605596
  1.27  -0.09288891
  3.35   0.34529530
  2.74   3.44470134
  2.05   5.00834429
  3.79   4.08128538
  3.83   6.43676010
  2.58   2.11689811
  3.97   9.94934517
  4.74   6.60237307
  5.45   2.98616867
  1.77   3.96750128
  3.35   2.94889868
  4.12   4.53899336
  5.87   4.64809565
  4.52   5.20227401
  1.58   1.37310888
  2.45   3.28066322
 -2.84   0.22709352
  1.52   4.13085190
 -0.72   1.31853088
  5.74   7.09123187
  2.48   3.31443959
  3.01   3.82948638
  3.40   2.13782144
  2.39   3.60302089
  4.04   3.68514925
  0.83  -0.38756208
  3.83   2.93151362
  2.37   4.42137281
  3.33   6.02740531
  1.70   1.65499265
  2.32   3.29982274
  5.38   2.90291826
  7.76   2.54914895
  8.58   7.21011283
  5.21   5.26517341
  2.02   2.54685070
  2.39   1.05663218
  4.48   2.91418910
  3.55   3.68784546
  6.26   2.72011746
  2.19   3.82787987
  6.46   4.49223884
  6.06   6.94409525
  4.56   5.63122217
  3.32   3.01815993
  4.51   2.85315667
  3.63   6.76290123
  1.56   3.41437473
  0.50   1.64232669
  3.13   4.90216626
  1.53   3.06731052
  0.88   1.87199856
  1.96   3.46399902
  3.84   2.54860569
  5.40   3.08027419
  2.02   1.21870653
  4.22   6.55775335
  2.02   3.39835252
  2.65   4.01165211
  4.64   5.29376138
  0.90   2.40404647
  2.84   2.53402883
  5.86   2.77496520
  2.49   3.51162771
  2.68   2.76687931
  3.82   1.23224365
  0.53   2.03327649
  2.08  -0.30056096
  4.65   2.34206435
  3.71   5.01724258
  3.05   2.01626817
  2.94   1.69012643
  3.46   1.95364640
  5.10   5.72227122
  2.40   3.61087447
  3.00   4.46927791
  5.03   3.27536695
  1.88   1.91363002
  3.99   3.33977549
  3.54   6.18580479
  1.59   1.61862572
  4.31   3.44295212
  3.77   3.90043227
  3.58   2.21440298
  1.98   2.04920549
  4.17   4.97473831
  4.17   3.25243747
  5.73   6.82528167
  5.33   1.75918565
  4.10   3.57728498
  0.71   1.22725371
  1.45   4.00387789
  0.11   2.27829373
  4.12   1.90679480
  1.95   1.64326731
  5.63   5.07565182
  6.38   5.87585893
  2.87   2.57840751
  1.60   0.99206694
  2.39  -1.22790229
  2.61   1.83305356
  4.16   4.67312989
  2.50   2.53074519
  0.22   2.28276513
  2.46   2.85849663
  3.08   2.97133356
  4.61   5.31954530
  0.86   1.00247112
  2.78   1.68948406
  1.44   2.80328212
  7.66   5.20203352
  2.70   4.11141089
  7.00   3.23023763
  1.90   3.72852050
  3.91   3.27232541
  5.00   4.66086157
  4.20   1.71001662
  1.69   2.55114802
  3.28   6.60449054
  6.09   4.10830857
  5.36   3.20204313
  4.32   4.54978936
  1.17   1.67424241
  2.72   1.63860840
  2.88   0.02207651
  3.73   2.68400863
  5.24   4.50743277
  1.83   4.97425244
  3.77   4.68471770
  6.04   6.31466054
  5.76   5.51521296
  3.28   3.37899245
  0.68   1.80413653
  4.83   5.00921246
  3.64   4.49013620
  4.19   4.01655429
  3.96   1.35262092
  3.57   2.32634780
  1.04   3.62363666
  2.36   5.24730895
  2.43   5.02459267
  4.60   3.14926165
  2.54   3.73024018
  3.04   5.48888845
  5.30   3.15693779
  5.39   4.01097110
  4.70   4.19386476
  4.93   4.92738502
  3.86   2.23576725
  2.50  -0.37836555
  4.58   2.08713989
  4.97   6.62487336
  3.40   3.04717795
  4.51   3.29109008
  2.88   4.87289801
  5.41   5.97554339
  2.01   3.15298246
  2.46   4.14802703
  0.56   0.68790092
  2.49   1.71614513
  2.26   2.32857585
  2.30   3.37724324
  4.90   2.99844953
  3.13   6.85373636
  4.71   2.89201588
  5.73   3.99062540
  0.03   2.17644874
  3.90   3.78429271
  4.69   3.30968829
  4.37   3.28381134
  2.88   3.74313367
  2.06   4.90708459
  5.30   5.33745152
  0.55   2.66125648
  0.09   4.13605339
  5.38   4.26161756
  1.42   1.55402040
  3.78   3.51066939
  3.08   4.31675038
  4.11   3.08796714
  6.50   6.70288339
  6.40   5.07092958
  4.98   4.88281868
  6.60   2.63510588
  2.93   2.94290387
  6.76   4.57521814
  5.96   5.63181656
  1.13   1.63714789
  3.49   2.91443734
  2.89   1.92733421
  2.36   2.38461817
  3.06   3.00038711
  2.66   4.47278373
  2.46   4.19376502
  6.67   6.90457945
  1.83   4.41476315
  1.69   1.94378859
  5.43   2.78292884
  4.69   5.26588774
  1.18   2.72538091
  1.41   3.38375082
  1.54   2.69351405
  3.77   4.52289122
  7.35   5.50467133
  4.01   4.58677412
  4.49   4.58447278
  0.67   2.00640367
  5.14   4.25328741
  5.80   5.49366441
  5.79   4.25142692
  4.16   3.42765418
  4.73   3.42455739
  5.91   1.49725180
  4.65   2.81697602
  4.12   4.54718520
  3.95   6.59284314
  3.24   3.32732674
  2.20   5.25068208
  0.21   1.71703236
  0.27   5.49305063
  2.45   1.49085785
  4.96   4.20339614
  3.73   3.55081666
  1.59   3.31365237
  2.67   1.92928279
  5.15   4.47812978
  5.68   5.46680979
  5.17   2.83625648
  5.02   4.27298095
  3.59   2.45987424
 -2.48  -0.08762542
  2.12   4.40423972
  3.76   6.71360496
  4.56   7.38058101
  5.74   4.64413644
  3.51   6.43236951
  3.16   2.91433490
  5.84   4.78911636
  3.79   4.17618650
  2.17   1.92233274
  4.08   3.76037178
  3.20   2.20132604
  2.83   2.25680316
  8.05   4.81407735
  1.24   3.38428678
  3.93   4.95652138
  6.00   5.27814509
  1.35   3.27119574
  1.66  -0.48228948
  1.62   4.49019259
  5.68   2.28777493
  3.79   4.14258604
  2.89   2.23589624
  5.46   4.61413787
  0.31   2.37039767
  3.33   5.31025993
  4.16   5.01553197
  2.29   2.23682068
  4.62   1.98913968
 -0.68   1.40160736
  3.06   1.20730519
  5.69   7.78253720
  1.62   1.05602622
 -0.65  -0.53637233
  3.95   3.09738841
  6.30   4.53390071
  4.41   4.57050500
  1.65   2.32902688
  4.68   4.05888426
  6.36   6.70416431
  5.63   3.76460457
  3.71   1.76525260
  3.27   5.61614920
  6.22   4.42702626
  5.82   4.82831791
  2.59   3.73676218
  4.22   3.88015478
  5.20   3.75902064
 -0.37   4.49430650
  0.59   3.41807460
  3.10   3.10025752
  1.33   4.31651941
  3.19   2.88941572
  4.92   3.28940609
  2.71   4.81933293
  5.16   3.26018978
  6.10   4.81064359
  4.95   6.01985846
  4.70   4.23603991
  5.08   3.18691567
  1.20   3.22593089
  4.83   1.73922827
  3.15   3.06872556
  4.60   5.44586886
  1.55   0.30011657
  4.97   3.98752761
  4.27   4.32234880
  1.81   1.43877985
  5.43   6.27952390
 -0.70   3.89264423
  6.12   6.50260056
  5.89   4.55723557
  2.29   1.49776479
  2.75   0.97792060
  7.54   6.00487560
  2.17   3.54786294
  4.81   2.44063876
  4.86   0.19380157
  2.82   4.73871874
  4.27   4.61865981
  5.01   4.67304757
  2.69   2.74083066
  3.63   3.50250835
  2.25   3.36627264
  2.17   1.61870755
  2.33   5.59503176
  1.80   4.73841440
  3.81   2.95081671
  4.37   1.59254876
  4.75   3.07913742
  4.07   3.95838796
  6.63   4.81378774
  4.10   2.85388126
  7.77   4.02432858
  3.80   2.04183559
  4.18   3.41601542
 -1.03   0.39209726
  4.22   0.41448366
  1.81   3.54631786
  6.53   2.06832341
  2.50   5.29671544
  4.11   3.40070884
  3.11   5.69759247
  3.94   6.07766127
  0.73   1.27916336
  2.76   2.31278502
  5.56   3.73924325
  4.79   3.21850319
  0.17   1.52154048
  6.83   4.50078710
  3.96   4.46438254
  2.91   3.88685011
  3.86   4.90938781
  2.79   3.21052278
  5.09   3.94903931
  5.17   3.72934393
  4.59   3.53790768
  3.26   3.37870782
  2.98   1.42822156
  5.55   5.55165005
  4.56   3.65591022
  3.87   2.84475525
  7.13   3.25660180
  3.24   2.16861881
  4.04   1.65697247
  1.64   4.97368760
  3.78   3.04165544
  1.69   3.12473081
  3.73   4.54917878
  6.49   4.99226195
  1.39   0.89632303
  4.26   3.82439578
  3.25   4.83848147
  5.27   6.69341990
  3.43   5.47779595
  0.43   2.63013663
  3.57   5.48546975
  4.83   4.37621919
  4.20   3.66440786
  6.60   3.62742022
  3.08   1.58864537
  3.85   5.40737508
  1.84   0.37613129
  0.97   2.60355825
  5.87   3.27606430
  1.50   1.94311940
  2.97   3.83419749
  6.65   6.27892740
  2.55   1.89776875
  3.97   3.91242221
  5.76   4.54545678
  4.36   6.33432265
  3.60   1.61900568
  4.10   3.82648627
 -0.52  -0.14662776
  6.05   5.94811823
  4.90   4.46654710
  1.42   3.13216863
  4.10   5.22732984
  3.68   4.22726196
  2.96   2.22537505
  1.77   5.03365221
  2.11  -0.75737863
  3.80   1.52937193
  2.21   0.12297659
  4.06   1.86771775
  1.99   2.59878661
  1.55   1.42396278
  3.09   0.73568152
 -1.17  -1.23485878
  4.51   4.80715054
  6.92   4.88750014
  4.38   4.03025828
  3.59   1.74347959
  4.36   3.25500573
  3.31   3.64748549
  5.56   4.34284534
  5.40   2.93825639
  4.96   3.31372520
  4.54   6.29564102
  3.67   3.88595335
  3.64   2.09695831
  5.03   6.34244187
  4.72   4.43072904
  5.06   4.70601135
  3.76   0.28123711
  2.67   2.98505277
 -0.25   3.66907087
  5.73   4.23884929
  3.57   5.10004991
  2.75   1.89456384
  4.47   4.63674355
  1.20   3.84965469
  1.20   3.52756478
  5.81   4.86391077
  3.32   1.02229779
 -0.28   1.23819424
  4.45   4.77552478
  0.19  -1.50782871
  3.02   2.28469372
  6.57   2.32438624
  5.90   7.08905344
  3.22   2.83438282
  4.34   3.17562765
  5.67   5.51812702
  2.25  -0.67189024
  1.15   1.83217835
  4.01   5.00105830
  7.63   6.39491007
  6.05   5.00716286
  3.96   5.62308703
  4.59   3.99380658
  4.27   4.80069367
  2.80   2.38541767
  3.22   4.74294016
  4.82   4.31512171
  3.32   3.00928481
  0.59   0.87838782
  3.19   2.75087354
  2.84   2.19489839
  4.14   4.14001600
  0.43   2.11118199
  4.73   2.96306824
  2.13   0.93478441
  2.28   1.78888134
  1.84   3.81140850
  0.76   1.19893694
  3.41   3.45547226
  6.43   5.87141731
  4.53   4.74793536
  4.26   7.08135405
  8.18   6.50503601
  5.28   6.52425401
  1.05   0.18352614
  5.95   1.91902380
  2.49   3.30956886
  3.47   3.94293514
  1.80   4.90426346
  3.83   1.96176883
  4.08   5.09693363
  3.85   4.95579849
  4.78   3.13362993
  7.26   4.99784066
  5.17   3.21190635
  2.19   1.65823503
  5.10   2.76654869
  3.56   2.92101205
  2.53   2.18008370
  4.04   3.21583178
 -0.71   1.43025447
  2.14   4.74902363
  0.33   2.46987832
  3.95   4.13966615
  3.88   2.58167192
  4.00   5.05052366
  2.22   0.77083900
  4.61   5.34214950
  4.00   4.46598634
  3.40   4.02137695
  3.38   1.91225848
  0.39   0.85463782
  2.62   3.11533101
  0.99   0.74904115
  3.63   4.42246613
  2.87   2.03877574
  5.61   4.10050232
  1.45   1.77602085
  2.42   5.42087291
  2.42   2.77080721
  4.22   4.48751071
  4.56   3.80272585
  6.50   4.69325577
  7.10   7.26210644
  5.39   2.00660764
  2.55  -0.35432791
  0.27   2.34425960
  2.98   1.89564850
  2.96   2.42232429
  4.24   5.34992536
  1.39   0.69085247
  4.60   3.23120520
  1.91   2.37801748
  4.01  -0.13224099
  4.59   1.00030710
  0.38   2.46893554
  4.33   2.05746968
  2.84   3.05841068
  2.64   2.25856505
  6.43   4.83974755
  3.92   3.63547761
  4.53   4.80220943
  3.06   2.92446506
  1.70   4.72255287
  2.03   1.86230795
  3.19   3.43489208
  2.04   1.58124907
  2.28   3.79305364
  2.97   2.00194901
  3.41   1.74109446
  4.13   4.60442219
  3.64   4.29297890
  5.47   4.71820186
  2.29   3.47222680
  5.15   2.81654476
  3.31   5.85610104
  6.87   7.03341881
  0.13   3.33448146
  2.13   4.57596921
  4.64   4.41420832
  4.25   6.33561253
  5.23   3.83089052
  6.50   2.51853580
  2.11   2.68896908
  6.37   2.66710061
 -1.38   0.15415864
  1.95   2.36015532
  5.38   3.90694087
  5.93   5.34257005
  2.53   0.74588337
  5.26   5.25532454
  6.25   7.21212444
  3.88   4.33791111
  4.90   3.14914569
  5.02  -0.67646022
  2.89   3.68460847
  2.89   2.14990591
  6.57   5.27952949
  2.37   2.11599598
  4.56   4.48660303
  4.50   6.40095142
 -0.04   2.02248181
  3.62   1.40542512
  4.81   6.98057975
  5.22   5.06030517
  3.85   4.51784292
  2.36   4.96965893
  1.87   3.94214115
  3.93   5.17769377
  3.56   4.29771536
  5.94   4.32547304
  3.90   5.14689235
  3.41   1.56781176
  3.68   3.81436136
  5.87   3.37495549
  4.76   1.85737763
  4.22   2.29405784
  2.30   2.38262089
  4.42   2.45118962
  3.45   4.06905424
  3.60   5.74238537
  1.63   2.87043274
  4.79   4.32186688
 -0.60   0.82669508
  3.43   2.51706306
  5.12   3.09527354
  2.79   2.36576385
  6.18   3.53463233
  2.28   4.84109317
  1.24   1.09363578
  4.57   4.72459234
  1.81  -0.78714898
  4.51   2.02632087
  4.23   2.52663011
  3.37   3.68489399
  0.12   1.37603754
  2.72   4.19022937
  3.09   2.65609850
  3.77   4.68945910
  4.82   6.29226131
  3.10   1.78461993
  2.29   4.17895919
  2.40   3.60693736
  4.27   2.25072260
  0.54   1.36169547
  5.73   5.00567270
  2.76   1.07960533
  4.43   3.44901242
  1.10   2.84579377
  5.81   5.18902550
  3.36   3.62623791
  3.17   2.29189814
  5.31   6.54138597
  4.83   3.04974249
  3.72   5.42521687
  2.27   1.60404458
  4.42   4.64409623
  4.78   3.59607413
  4.62   6.13366627
  3.35   3.93303650
  0.79   3.02582480
  4.16   3.67334279
  1.71   5.39325225
  5.61   2.93290952
  0.37   2.56781210
  5.45   4.17707345
  2.29   4.70543590
  3.31   3.84792848
  4.57   3.97910818
  4.23   3.77523719
 -0.96  -0.32862257
  5.47   3.58919986
  4.52   4.88826912
  0.97   4.63467981
  2.11   3.06789696
  3.10   3.51884455
  3.18   2.70563305
  2.19   3.03674112
  6.77   4.98776345
  5.89   7.77986783
  4.62   3.42083641
  3.56   4.05314844
  4.47   5.46975955
  4.90   1.81159134
  1.97   5.36338852
  2.03   4.16342515
  3.43   3.87949774
  4.17   1.30578708
  4.20   5.16016993
  4.13   4.92352237
  6.17   4.92279560
  8.40   6.66324114
  1.57   2.16791988
  5.33   4.38496544
  7.04   4.67522512
  2.11   2.54517715
  6.31   5.77853048
  5.09   4.06183168
  6.73   6.27679972
  2.97   1.82562538
  2.29   3.20790826
  5.95   5.46766073
  5.21   5.41603515
  5.27   3.28220355
  3.97   3.92394593
  3.35   3.34067557
  4.60   3.85746745
  4.18   1.29669087
  1.43   6.14711981
  2.12   2.17196465
  2.22   0.41515889
  1.62   3.92177534
  1.24   5.72923798
  0.24   1.59030478
  1.12   0.13719621
  3.76   5.07803377
  4.73   2.32080142
  3.83   2.38945363
  2.28  -1.47333703
  2.36   4.57899514
  3.38   2.81192633
  3.45   3.72216551
  4.42   2.47935921
  1.91   2.04843041
  6.46   5.07557066
  4.50   5.09163418
  2.63   1.91767513
  3.01   3.83730642
  5.32   6.44128584
  2.25   5.33549059
  5.60   3.68170959
  2.27   2.14791109
  1.51   4.07336047
  4.37   3.71906338
  3.44   4.25663736
  2.03   1.47506677
  8.12   6.48423197
  3.76   2.43114217
  3.97   3.90299820
  3.41   2.93653138
  3.56   6.02198824
  4.21   2.61454167
  3.58   5.87173457
  2.62   2.67316039
  3.64   1.02793069
  4.69   3.55727478
  1.64   3.05382001
  1.89   3.03896509
  3.11   5.24191609
  4.55   4.01448991
  1.79   2.40669765
  2.84   3.30419992
  1.04   1.56460187
  2.91   1.16564910
  4.61   4.53764668
  3.41   7.18270570
  2.34   3.08727357
  4.98   5.54994740
  4.33   4.29059206
  1.05   2.79146108
  4.75   3.38405846
  3.27   5.35287333
  3.03   5.78152123
  2.82   2.48060429
  2.63   2.09402473
  3.62   5.04616519
  4.50   4.95914996
  3.85   5.09865380
  2.48   5.52931829
 -0.03   2.17597229
  5.13   5.60799178
  1.54   4.70345070
  0.60   0.35938046
  2.47   2.18420405
  4.81   5.10285692
  6.89   6.08287454
  4.38   4.43634457
  2.99   5.78910270
  3.26   2.99452339
  4.39   4.53081137
  5.91   4.45700708
  2.86   4.83455282
  3.27   2.74743441
  2.30   2.01803452
  4.16   4.44195169
  3.87   5.87940912
  7.21   6.96823218
  1.46   4.54638084
  1.99   3.88443717
  2.32  -0.36915015
  4.04   0.32249720
  3.43   4.12072425
  3.90   4.01019647
  2.51   3.12162380
  5.68   2.93173559
  4.40   3.84720157
  5.26   4.88069724
  3.44   5.83134948
  5.71   5.63969558
  5.86   4.85605771
  4.35   3.19962742
  5.48   5.23405709
  3.82   2.39434839
  5.75   4.96455827
  7.88   6.84243499
  2.86   3.04962378
  1.67   1.37958867
  4.39   2.46272666
  5.44   4.25704148
  5.44   1.86203494
  3.77   3.90280903
  0.88   0.58608128
  6.02   1.61167597
  0.65   1.47691308
  4.97   2.96537883
  1.92   2.13895594
  2.55   2.60522406
  2.04   3.12286870
  5.42   3.74390390
  3.19   3.32291993
  2.36   2.68050959
  2.80   1.95647748
  5.53   2.89022419
  7.53   4.84791677
  2.45   2.53599517
  5.56   4.92425265
  0.99   3.67232301
  0.00   1.98075777
  2.78   4.51415706
  1.63   1.64320324
  1.05   3.61859209
  6.50   6.13138887
  2.49   5.33972774
  3.18   3.92740813
  3.84   2.75649737
  3.13   3.83949029
 -1.05  -0.61757486
  3.49   2.30655494
  4.94   2.20250442
  2.17   3.91555755
  1.19   0.40859319
  3.71   2.99911194
  3.00   3.45467412
  1.47   5.27406521
  4.28   7.79005766
  1.73   4.56077776
  3.27   5.99292870
  5.57   3.96503818
  3.59   5.97281153
  1.94   2.68267973
  3.26   3.51342074
  5.20   4.12734206
  7.79   4.70795529
  3.62   4.84528049
  2.81   2.01585757
 -1.53  -1.36938176
  3.07   4.87115746
  6.15   6.40353698
  2.69   2.64101112
  5.19   4.26036490
  3.67   2.75608086
  4.28   3.45691786
  2.48   0.63434230
  5.74   4.50412608
  2.47   4.53423106
  3.95   2.55565149
  6.33   1.75181098
  2.80   4.09491884
  2.91   2.77085110
  1.45   2.00526973
  1.67   3.51667428
  2.50   3.02547900
  1.42   2.20457378
  2.77   4.35754093
  1.28   3.38931371
  3.41   3.06197272
  2.09   3.29937730
  3.70   4.18538949
  0.54   1.83284181
  2.15   2.41557789
  5.28   0.83814884
  5.60   4.95333754
  2.18   4.76795308
  1.67   1.12810671
  3.06   4.08742055
  1.17   0.10795114
  2.79  -0.00820670
  4.97   3.08467789
  6.80   3.59571673
  1.54  -0.95121467
  3.07   2.22578849
  5.31   2.02660892
  1.39  -0.28772052
  1.85   2.95748968
  5.12   3.23185260
  5.16   3.16853346
  3.17   6.50245142
  4.89   5.66510787
  2.47   2.43543274
  3.91   3.63545091
  5.56   5.93566542
  3.45   4.00815459
  3.06   4.42238765
  3.37   1.15303009
  5.13   3.68854128
  2.44   5.38738547
  4.55   3.81511203
  5.21   3.22513111
  3.35   3.49363516
  1.49   1.98490927
  3.58   4.25353567
  3.45   4.34147732
  1.76  -0.51743805
  4.78   3.33000834
  1.69   2.44899736
  2.41   1.44633918
  4.66   3.74291419
  3.04   3.72501213
  6.27   3.68992505
  4.74   2.57548777
  1.70   3.35917759
  4.06   4.47755101
  8.08   5.88572668
  4.64   4.73653198
  1.51   2.75910791
  0.88   3.06256593
 -0.93   1.23772476
  2.40   2.80198669
  0.54  -0.18190515
  4.89   1.80264862
  4.30   5.97478657
  2.95   2.00056430
  1.61   3.05362818
  4.98   4.78689103
  5.69   8.00738170
  4.38   2.38894262
  6.97   5.04410566
  5.51   5.60275246
  5.21   5.01249709
  3.41   5.64194653
  0.65   3.27529949
  4.96   2.94976584
  1.70   0.64578693
  2.56   2.07017249
  0.55   2.06485793
  2.28   1.35584529
  2.14   2.65703354
  0.31   2.42295177
  3.51   3.35047190
  2.53   2.66140033
  2.00   2.93513476
  2.82   5.70092912
  1.17   3.01089991
  2.83   2.25667770
  4.68   1.65198742
  3.70   2.25596002
  2.16   2.79165617
  3.96   2.91496195
  5.70   3.48603625
  2.85   1.20904194
  4.13   3.59307238
  2.11   2.05075577
  4.79   3.21672194
  3.33   3.57835532
 -0.22   3.11355531
  3.17   2.86600452
  3.62   1.98950209
  1.10   0.96794341
  8.10   4.88831444
  2.40   1.44961937
  1.09   3.05345227
  1.75   4.92732848
  1.83   3.36688357
  3.34   5.24601820
  4.23   1.29123747
  4.76   3.43956478
  3.61   3.37588222
  1.45  -1.52508885
  2.78   5.68383908
 -1.73   1.18124588
  4.10   4.20316732
  2.61   0.87941405
  2.32   2.21181606
  3.68   4.74385861
  2.95   3.85720641
  4.06   3.01870784
  1.88   1.94725782
  4.75   5.54374621
  2.53   2.60871730
  1.99   0.63366767
  2.93   2.30148289
  1.39   4.44313771
  2.07   3.60731829
  5.35   2.64920171
  7.04   5.21398982
  4.79   2.20942445
  5.04   3.06967665
  4.98   7.09057167
  1.64   4.26286283
  3.44   3.48901173
  3.72   2.87308325
  3.94   2.63568628
  2.45   1.87041502
  7.87   6.80611460
  2.71   3.03117933
  2.30   3.44005038
  4.76   4.13367496
  3.72   4.87440847
  4.07   4.40670248
  3.03   1.16205346
  4.21   3.09770789
  3.83   4.88429580
  5.27   4.31642065
  6.24   5.17611967
  4.75   4.92935273
  3.31   2.98476298
  4.64   2.82287507
  1.51  -0.20848553
  4.51   3.60083315
  3.27   2.84056312
  3.56   2.24287649
  1.23   2.92541319
  2.47   2.91291133
  3.35   1.91337176
  1.93   4.33426297
  2.01   3.06543052
  1.09  -1.30211355
  6.95   5.30477493
  2.06   3.50741785
  2.89   5.88623013
  2.53   2.81475178
  5.68   3.06421930
  4.60   4.31093302
  4.95   5.67276863
  0.82   2.20429209
  2.52   2.58494516
  2.77   3.23751090
  3.33   3.07068811
  4.58   3.47076883
  1.32   3.17790970
  3.10   4.41072916
  1.40   2.88273952
  4.48   3.58623397
  5.05   3.51077323
  4.09   4.01554475
  4.60   4.46326788
  2.86   1.69662522
  3.75   0.36871894
  3.86   4.36189178
  6.43   5.00722085
  5.59   1.73074890
  2.95   0.01730358
  2.62   1.54969729
  2.91   3.27129823
  0.05   1.85425678
  4.80   4.55778128
  1.20   2.22073784
  3.68   4.25488911
  1.85   1.28804634
  6.39   5.92686751
  1.74   2.78206035
  1.86   4.14084479
  3.79   2.28470886
  1.97   2.32846728
  3.16   4.12033522
  2.15   3.02211389
  1.61   2.09469847
  3.19   2.04482768
  7.95   5.12098370
  3.42   0.41794897
  2.89   3.69713097
  1.73   3.14637647
