  9.19   1.82337880
  6.11   4.43567761
  8.41   0.70151306
  8.12   4.03445916
  9.42   3.41321855
  8.34   2.69679404
  6.62   0.97894155
  4.92   4.45109654
  9.32   3.26979766
  8.16   3.18255124
  5.78   2.67609955
  7.25   4.25288719
  7.23   3.87659346
  7.28  -0.16850361
  8.00   3.89784188
 10.87   4.08481719
  7.31   1.12063743
  7.72   2.32612636
  5.02  -0.43652448
  5.36   1.94159669
  6.51   4.37160887
  9.94   5.66885648
  8.98   3.95100703
 11.48   2.90301285
  9.12   3.81747176
  8.67   4.50391780
  8.47   4.44142755
  6.68   0.99012992
  6.23   2.60480122
  6.40  -0.00588164
  8.87   3.09882562
  8.54   4.63279092
  8.46   3.11145745
 10.63   3.94746776
  7.56   1.92754440
  8.17   3.30483408
  9.79   6.00021771
 11.00   4.21582163
  8.68   4.58914510
 10.51   3.11551841
  6.86   0.34363565
  8.57   3.24200477
  8.35   3.09378362
  4.29  -0.99446170
  7.43   5.32331085
  9.47   1.88781536
  7.22   1.49897429
  8.79   7.46550515
  6.92   6.20119778
  5.37   1.00039692
  9.71   4.76107939
 13.13   5.84649065
  5.60   1.95913322
 11.02   5.81149601
  4.62   0.67411137
 10.02   4.72887812
  6.88   4.20915556
  7.27   4.54949016
  8.09   4.77291470
  7.34   4.88275332
  6.72   2.78375589
  8.87   3.68070060
  8.95   3.18489286
  9.11   2.18937229
  6.13   2.91967942
  5.40   3.56055545
  8.15   3.59937229
  7.81   0.01977886
  7.04   3.07799723
 11.79   4.90099075
  9.53   3.08592936
 11.16   3.13230327
  8.38   3.12918205
  6.72   2.48613434
  8.18   1.68042691
 11.31   4.92577616
  8.81   0.74987400
  9.21   4.26913093
  8.35   5.40999650
  6.65   2.50106286
  9.10   2.36777774
  6.15   2.79731225
  2.47   3.50387937
 12.42   6.39960852
  6.95   2.61887811
  8.07   3.02236048
  9.27   2.39693342
  6.27   2.85482868
  6.69   2.30668756
 10.39   4.66743359
  8.21   4.36572702
  6.74   4.45261563
  7.55   3.86817046
  4.49  -0.53458202
  7.33   4.48365128
  9.91   3.05884717
  8.04   4.87305294
  8.55   4.29903267
  7.07   3.85446427
  6.55  -0.83802732
  8.07   3.29851871
  6.56   3.26588933
  6.34   0.45825500
  9.44   2.03530390
  5.62   3.30080678
  6.58   2.76646050
  8.18   2.90515280
  8.70   2.71865781
  6.56   3.29851101
  9.20   5.86433491
  8.85   4.50231687
  5.93   3.04571476
  8.47   0.66154463
  8.09   4.31454861
  8.63   5.80425643
  9.05   2.40377888
  5.31   5.25084334
  5.23   2.47519869
  7.54   2.59572202
 10.22   4.93992976
  7.87   1.33193975
  8.54   3.91226087
 10.87   4.58569762
  9.93   3.19591613
  4.95  -0.79836588
 11.19   4.68232348
  7.73   1.79830844
  5.36  -0.08480421
 11.13   3.48010296
  9.71   3.12587048
  4.87   0.80779047
  7.85   3.53252751
  7.41   1.99901345
  8.73   5.21738465
  5.81  -2.34804894
  9.58   2.73077329
  8.20   2.26273825
  9.48   5.13373600
  6.68   2.42230481
 11.22   1.62206988
  8.06   4.33547609
  9.20   5.56822830
  5.07   4.22734195
  9.69   3.80028898
  9.64   5.19969104
  6.89   0.62592847
  5.68   3.00826726
  5.96   2.35896960
 10.75   5.18960861
 11.31   1.87624012
 12.35   6.27817597
  7.91   0.79158172
 10.63   2.64711069
 10.01   2.81717429
  7.48   1.33564124
  8.40  -0.19861854
  9.56   5.47163370
  8.34  -1.88877986
  6.88   3.34084030
  7.24   5.71574060
  9.70   5.35426811
  9.15   1.75088131
  5.46  -0.01378544
  5.28   4.64800691
  6.43   2.93045884
  7.14   2.62914231
  6.38   1.41421507
 10.61   4.21523656
  5.06   3.71917228
  8.19   5.17850324
  8.33   3.75462223
  5.47   3.89494614
  9.02   3.54814185
  7.80   2.37540581
  5.58   2.64394493
  8.47   2.98074273
  6.79   3.37024895
  5.10   4.36274952
  7.77   1.25647210
  7.96   4.84876466
  5.79   2.04186007
  5.77   1.88031151
  6.63   5.49195400
  9.18   1.64715065
  8.51   4.49446575
 10.06   4.41630606
  7.88   4.04470290
  9.84   3.17135764
 10.62   4.22477897
  9.78   1.88906309
  7.11   2.17006014
  8.77   3.09610803
  7.06  -1.21805646
  5.77   2.05622696
  6.91   1.70219646
 10.32   4.05841600
  6.79   2.90427049
  8.71   4.10009169
 10.43   2.86925758
  9.50   7.98657282
  9.49   3.50206241
 10.82   3.26656652
  9.02   1.80301775
  7.88   0.95087022
  6.72   2.38707805
  8.62   4.63816491
  6.88   1.45264787
  5.31   3.45089352
  6.97  -0.75948669
  8.85   3.03616041
  7.11   2.14755167
  7.18   2.52316766
  7.36   1.34947948
  4.43   2.27565524
 10.55   2.83518658
  9.42   3.31329721
  9.08   4.29952444
  7.36   1.78778452
  7.83   0.38027057
  6.40   2.07869600
  5.84   0.90349037
  8.73   4.66588891
  7.11   3.12508020
  7.75   4.21630647
  7.74   3.89723241
  7.92   1.47816643
  7.98   3.95512310
  9.02   1.47805905
  7.40   3.61492337
  9.56   3.41608854
  9.45   4.27241422
  7.99   5.24845455
  6.73   4.74244457
 12.77   6.52431512
  8.60   3.46360078
  7.51   0.45932309
  6.02   2.82932435
  6.04   2.29329655
  7.86   2.92280535
 10.94   2.76889223
  6.18   2.36013060
  7.61   3.77795980
  8.67   3.72630782
  9.23   5.48437541
  4.88   3.73847475
  9.06   4.39482610
  6.76   2.44202841
  9.22   4.39112043
  8.39   1.39153387
  8.23   2.90141968
  7.56   4.41197708
  6.13   3.34761189
  9.29   2.18801178
  6.79   2.92220407
  6.55  -0.38712023
  9.97   4.79936737
  6.22   1.95362664
  4.70   5.12899176
  7.44   0.05540121
  8.16   3.17505928
  7.33   3.13601632
  7.93   1.85879057
  5.93  -0.40712121
 10.16   4.89634394
  6.09   0.78078956
  7.95   4.74954635
  9.80   3.23229310
 10.53   6.20879724
  8.63   1.93252252
  7.30   2.91992313
  5.35   0.44251363
 10.86   5.64164692
  6.85   1.85200093
  8.21   2.49683847
  6.53   3.45825236
  9.27   4.74262448
  6.55   2.76533457
  9.80   3.46515188
  8.68   2.56276286
  9.38   4.92493331
  8.11   3.90549690
  7.47   4.47405113
  7.95   4.64890344
  8.56   4.37794636
 11.08   3.39467730
  6.71   2.72970346
 11.80   2.33333670
 10.19   5.12857432
  4.06   0.44235537
  6.86   3.10856827
  7.18   1.03520434
  9.36   3.48216068
  7.72   3.59490473
 11.70   3.91992882
  9.62   4.55652293
  8.65   4.48768913
  7.64   3.06922298
 11.90   2.32928096
  9.37   5.87140104
  2.81   0.94074517
 11.09   2.32351135
  7.36   3.70095032
  9.26   2.61142200
  7.46   1.30989229
  6.44   2.71945398
  7.93   2.50898295
  7.00   1.39904693
  9.07   1.84364723
 10.48   3.34766062
  9.53   1.31329488
  8.25   3.54372385
  4.30   0.07163531
  6.02   1.96148689
  9.59   3.35661228
  6.30   3.74146406
  6.66   3.97215364
  5.45   3.43711179
  8.17   3.04948370
  8.79   0.64506138
  5.86   1.37233354
  7.54   3.45565139
  9.23   2.30637069
  7.36   1.98699733
  9.17   6.81572197
 11.82   4.62729503
  7.52   1.42092628
  7.76   0.77406385
  8.06   2.12608487
  9.38   2.55336730
  9.18   3.53440668
  6.44   3.68352916
  4.75   1.00863971
 12.61   5.27987948
  8.21   2.79878240
  6.58   1.14058353
  7.51   1.87900719
  8.68   5.25189483
  7.53   1.13686055
  9.54   4.42841097
  6.89   4.52366250
  6.57   0.55314126
  6.18  -0.03970066
  7.72   2.60867270
  8.55   5.25970753
  6.20   1.36528711
  7.73   2.43566150
  6.12  -0.03528673
  9.53   5.55304386
  7.62   3.73741836
  8.08   1.89229133
 11.19   6.46502094
  9.43   3.00681392
  9.69   3.80034668
  9.63   3.85259341
  8.73  -0.47029445
  5.53   3.59906358
  6.40   2.83983040
  5.08   3.60039408
 11.11   4.95728032
  7.31   4.66612187
  7.46   3.92083536
  9.46   2.56908947
  7.62   3.57026971
  7.60   2.36883680
  7.27   3.70854750
  8.18   2.31966302
  8.28   2.25060651
  6.03   2.69871228
  8.24   2.37230428
 10.58   2.96881907
  7.28   2.51306967
  7.31   2.39439034
 10.16   4.60577984
  6.58   0.70377084
  8.78   2.25024090
  7.84   3.35699385
  6.96   4.33572565
  8.76   3.69051783
  5.16   1.08057102
  8.05   0.56614686
  7.63   3.03280916
  6.60   4.15666485
  7.27   6.60342052
  9.51   3.98675574
  8.69   3.60107342
  6.55   1.44882563
  6.18   1.13634929
  5.07   3.50676282
  9.00   3.08274108
  7.86   1.99227730
  7.76   2.71312559
 12.18   4.72519726
 11.35   3.21586939
  4.95   2.50999463
  6.85   2.51235264
 10.57   6.48855932
  6.09   1.34735136
  6.89   0.55660808
  8.93   2.58483700
  7.51   4.98913623
  8.97   6.24686798
  7.11   3.65650402
 12.05   4.42665047
  7.67   4.35247215
  6.29   4.73577895
 11.21   5.26679796
  8.16  -0.19461485
  7.22   3.02968702
 11.02   4.87103659
  8.13   2.90342312
  5.00   2.18525971
  8.79   4.88249962
  6.07   1.66895655
 10.70   1.39909737
  7.10   3.74455002
  9.69   6.09063491
  9.87   2.16521514
  6.63   2.52899259
  9.15   2.75668918
 12.00   5.78566746
  7.77   2.00942178
  9.24   5.01929283
 10.34   2.08002757
  7.99   2.33385202
  7.96  -1.43312841
  7.84   3.09084047
  6.42   0.71849659
  9.29   3.51392029
  5.10   1.00981783
  7.08   2.86499127
  5.54   3.99026790
  8.67   3.34192875
  8.90   2.89283416
  7.01   3.06838827
  8.38   2.35857194
  7.68   3.42526087
  7.09   2.85901690
  7.78   3.29025588
  7.63   3.73750940
  8.92   2.56029260
  7.12   3.84545212
  7.79   0.55282319
  6.12   1.62130843
  9.61   3.77267374
  8.92   4.69711589
  6.63   1.06926195
  8.73   5.65523626
  6.32   1.67049028
  8.23   4.27228813
  5.69   3.05156841
 10.58   4.56647904
  7.81   5.30918895
  9.02   2.35140534
  7.54   6.67054277
  6.83   1.51353578
  9.67   5.61280216
  8.04   3.11464675
  7.27   0.66230008
  7.39   5.13968943
  7.17   3.43646019
  9.20   4.86076826
  7.81   3.86254321
  7.23   1.55822219
  7.04   1.24726446
  8.22   6.64419786
  7.57   3.56518213
 10.25   0.46022750
  8.22   3.69158327
  6.89   1.62409749
  6.67   2.16633865
  7.02   4.68813090
  6.79   0.79516048
  8.00   3.28529789
  8.81   5.87282987
  5.08   3.67326502
  8.16   3.33829428
  6.80   2.87013872
  6.41   2.47157853
 11.24   3.97879785
  9.02   2.58355842
  9.68   4.12401423
  4.96   3.15159066
  7.35   2.24367363
 10.09   6.34210883
  9.71   3.94850641
  6.98   0.78261123
  7.00   3.64487983
  7.44   3.48485290
  7.10   4.40392031
  8.49   4.10767227
  5.69   1.91163398
  8.30  -0.72594360
 11.30   2.96766673
 12.53   6.29477334
  9.33   2.21167445
  7.78   0.46720011
  7.39   1.86937062
  4.52   1.07655917
  6.59   3.07016711
 10.62   4.72927823
  7.23   7.27398476
  5.91   1.60605713
  9.21   5.93934275
  7.01   1.76016834
  3.90  -1.05899433
  5.36   1.85428359
  9.89   2.76716441
  8.42   5.23844624
 10.83   5.45465470
  8.56   2.64513906
 10.59   2.70945842
  8.17   0.30417807
  7.53   3.56282104
  8.96   0.99684096
  8.84   2.53705810
  5.73   2.28231485
  6.21   2.51879192
  7.35   2.66024656
  7.34   2.13138128
 10.90   5.03678668
  7.97   3.32147514
  6.36   2.66990732
  8.65   1.95996763
  9.32   1.67608257
  7.22   3.96480915
  9.87   2.78511141
  7.89   1.38845835
  5.98   3.34709111
 10.40   4.86565253
  8.87   4.38015385
  4.31   1.79473314
  6.42   5.18762637
  8.33   2.43117350
  6.93   1.30426507
  9.90  -0.54579507
  7.23   4.92672405
  8.44   3.62013635
  7.98   5.88706586
  9.14   3.69957405
  6.51   2.04626255
  8.10   4.81719754
  7.93   4.40821090
  6.85   1.31418534
 10.36   4.94773161
 10.25   2.89139312
  9.91   5.44635891
  8.84   4.40332401
 10.10   1.57990752
  8.95   4.61242257
  8.99   3.87963012
 11.05   5.58468659
 10.17   3.79057968
  9.22   3.69001484
  5.71   3.08313902
  6.73   1.86764301
  9.50   1.88285131
 10.12   3.59652758
  8.22   3.57992255
  4.74   2.19092135
 10.78   4.48431114
  5.06   0.48220263
  8.91   2.49810651
  8.28   3.79948917
  8.22   2.72876314
  8.55   2.85358533
  7.59   2.03425470
  7.06   4.23290964
 11.88   4.51839272
  7.55   7.24795810
  9.46  -0.02387711
  7.72   2.14504236
  8.19   2.50715509
  9.67   1.43624000
  5.11   2.71532172
  7.97   1.47063399
  5.51   0.67122727
  7.69   1.20931258
  8.24   4.71846487
  6.97   2.91549383
  5.53   5.80853820
  7.26   3.28287930
 10.21   2.31026702
  5.88  -0.77742262
  6.73   4.10385669
  6.95   2.24192172
  7.42   4.69431191
  5.59   2.26595325
  6.37   1.81992689
  8.13   3.56751035
  6.87   4.35181867
  5.03   1.24025650
  5.73   2.06282926
  7.75   2.52858569
  5.65   2.58855159
  8.14   3.74342000
  8.77   2.28538771
  7.74   2.69697937
 11.27   4.86768733
  9.40   3.36080596
  9.72   8.98253744
  7.03  -0.03104670
  9.44   5.90702306
  7.23   3.98287909
  9.12   1.58455129
  6.90   1.81157300
  8.39   3.65327558
  9.48   6.38002596
  7.92   3.82575749
  5.77   3.44688421
  6.41   2.51537499
  9.10   3.80569151
  6.47   1.09947647
  6.43   4.78405036
  4.31   1.90723750
  8.69   7.59784654
 12.77   5.99928520
  8.24   0.82878120
  6.86   3.27913235
  7.32   0.97227167
  7.59   3.25324143
  7.81   2.01756575
  8.69   4.12438172
  7.57   5.49483342
  8.21   0.93498198
  8.80   5.15765711
  8.51   6.65717184
  7.23   2.64060569
 11.18   4.80679726
  7.45   6.02893224
 11.32   7.56336844
  4.59   1.08759054
  9.29   7.24357652
  7.20   2.53078777
  9.08   1.97969657
  8.92   2.86451381
  9.83   4.01954154
  5.69   4.09848805
  9.00   4.47618785
  9.85   1.43576395
  8.53   2.17812621
  8.02   1.03465467
 11.09   4.54039411
  8.81   3.24108478
  9.98   2.03164168
  4.11   1.90708592
  8.33   1.45263996
  6.43   1.66356786
  8.62   5.60993539
  9.88   4.24843204
  8.65   3.54715995
  9.16   2.53825656
  6.20   1.84724392
  7.65   1.60152000
 10.07   6.66703303
  7.15   1.69477057
  6.06   2.84723108
  6.90   3.76655994
  7.90   4.14843589
  9.77   3.92072486
 11.55   8.00972101
  6.67   3.75026464
  7.04   2.19185302
  7.90   3.92513499
  9.54   4.66999148
  8.28  -1.69872938
 10.23   4.57859470
  6.24   2.66742304
  8.07   1.71926005
  6.99   5.16429382
  5.82   0.03402042
  7.32   2.80900724
  6.43   1.73181126
  9.93   3.89198963
  4.94  -1.23873131
  7.75   4.93629903
  6.55  -0.24895245
  8.28   3.36786087
  8.24   3.90427754
  5.48  -0.27638446
  8.84   4.77844242
  6.30   3.63810622
 10.08   1.18443757
  7.96   2.38808400
  9.78   3.35941366
  7.30   4.52242109
  6.02   2.39476246
  7.05   2.36732916
  4.01  -0.26493042
 11.12   5.95224233
  8.70   5.97513862
  8.41   2.78185543
  7.46   0.65410360
  8.24   3.25246884
 10.26   2.79863680
 11.91   3.50533226
  6.10   2.18137681
  8.25   5.47097939
  9.57   2.46192178
  8.33   1.90553295
 10.65   4.89040412
  7.95   5.11790218
  6.46  -0.36049814
  7.83   3.59246523
  5.50   2.88539320
 10.32   4.56846137
  9.09   2.39743712
  8.69   0.52147881
  8.31   3.38928621
  4.89   1.69269918
  5.40   4.24615772
  4.60   1.18387448
  7.57   3.11585373
 11.20   3.50476162
 10.32   3.26882547
  4.25   2.50108506
  8.18   0.97861310
  8.11   4.89492855
  6.56  -1.82364078
  6.04   3.92898669
  8.15   2.93101143
  9.45   4.40985395
  9.23   2.65234352
  7.21   1.69408129
  7.71   1.92603775
  5.96   3.17898275
  7.38   2.82651145
 10.12   3.39533586
  5.95  -2.41404830
  5.51   2.38371150
  8.57   2.93831091
  7.48   3.16937752
  9.10   4.19825057
  9.24   4.11047242
 11.64   6.00046933
  6.92  -0.21119409
  7.69   0.48512275
  8.42   4.43591757
  7.14   6.61523875
  8.06   3.35035859
 10.59   0.07724328
 10.94   3.88653473
  8.75   2.61419547
  7.51   2.12255612
  9.82   3.39708518
 10.28   4.34900292
  9.61   2.73610898
  9.94   6.47060120
  8.50   3.17794387
 11.61   4.86374236
  5.34   0.36939441
  8.83   1.77345968
  7.85   5.40270125
  6.37   2.05236154
 10.27   4.65465140
 11.51   4.49018860
  9.87   5.37138592
  6.67  -0.12897786
  5.94   0.28944990
  8.89   4.55781495
  7.21   4.23202902
  7.67   1.85242817
  9.03   0.91300503
  6.53   1.75386141
  7.12   3.96219285
  9.89   3.73190549
  6.90   1.10570655
  7.56   1.45534862
  8.14   3.30644889
  5.70   1.10957975
  7.08   2.86610426
  8.74   3.61868261
  6.01   1.30582347
 11.23   3.77665894
 10.05   4.74640822
  6.22   1.10933284
  6.91   0.84414260
  7.81   5.55880459
  4.55   0.24191658
  7.80   1.59162455
  9.76   4.06268115
  5.13  -0.52697950
  6.77   2.86104778
  5.76   1.93179915
  5.59   1.47608383
  5.28   2.76372903
  9.29   1.65391041
  8.50   2.19449224
  6.52   2.58772676
  7.92   4.95879845
  8.13   2.72795483
  9.41   6.92381836
  5.73   0.55351868
 10.79   2.46726600
  6.85   1.30670297
 10.03   6.85465167
  7.47   6.42975501
  8.97   2.24535070
  6.58   1.53741864
  7.03   2.92648103
  9.64   1.99197054
  6.98   3.64961870
 11.07   5.66837362
  7.03   3.07091938
  4.40   2.28277714
  5.33   1.08666266
  9.63   3.73510779
  9.32   6.83907372
  7.64   2.67373433
  7.95   2.98900403
 10.08   4.27470259
 10.50   4.29375893
 10.49   7.71136501
 10.70   4.68627184
  9.83   2.97566021
  6.44   2.82429246
  7.11   2.47728942
  8.23   1.86287467
 10.67   3.21384492
  6.88   1.77577617
  5.27  -1.06750056
  8.14   1.32512430
 10.33   4.71241307
  8.40   0.84562185
  8.50   1.91512945
 12.07   5.77298866
  8.51   4.22243645
  8.48   3.50231555
  3.80   0.25955447
  7.70   2.41700678
  8.53   6.50425923
  8.47   2.39064108
  7.06   5.04045299
  9.38   4.47348784
  7.47   1.21920377
  4.91   0.69926731
  7.17   3.28254378
  9.42   3.63024742
  6.62   4.51491333
  6.44   2.28162963
  7.14   5.78609838
  7.71   4.67134317
  6.41   1.24286924
  8.97   2.30331989
  9.59   3.34272032
  7.39   2.29645503
  8.76   3.69748624
  5.87   3.79390411
  9.83   6.21099546
  7.68   4.09369514
  6.92   1.00937967
  9.04   2.26609976
  9.54   1.66055772
  9.36   3.78409277
 11.06   5.25996850
  9.26   1.95066720
  6.50   5.31065394
  9.23   4.01833294
 11.68   6.11335103
  9.18   4.51888843
  7.62   4.53491701
  8.85   4.98834344
  3.90   3.27496501
 10.21   4.72048688
 10.21   1.89224954
  8.90   3.22622101
  9.98   5.27344052
 10.10   5.57262628
  7.71   2.91724591
  8.35   3.61703515
  7.38   4.48510975
  6.41   1.60921715
  7.87   5.08106229
  9.51   2.73271838
  6.66   0.75924110
  4.58   0.42662621
  4.45   3.09207803
  6.92   2.57718831
  7.32   3.38017754
  8.95   2.17738171
  8.94   3.43987321
  7.74   3.39773553
  5.19   3.10246633
  6.52   2.81238668
  7.59   2.40199814
  6.37  -0.40456331
  9.92   1.14637809
  6.46   0.82913427
  7.61   3.21549311
  6.80   3.85525920
 11.27   4.96557465
  7.67   2.21369874
  7.47   4.59100803
  8.70   5.60076567
  9.39   3.22518520
  6.58   5.18558352
  7.34   3.22405981
  8.89   1.49775510
 11.41   2.93737878
  8.81   5.23938839
  9.80   3.96170733
  8.64   2.61642594
  6.45   3.59723161
  4.76   0.82644488
  9.55   3.29546550
  5.75   1.88124597
  7.86   6.71769301
  8.68   3.14088795
  8.52   4.88430349
  5.20   1.83359328
  8.78   4.27054493
  4.69   1.42764708
  6.60   4.39171588
  8.77   5.98720383
  8.42   1.69261821
  6.63   3.93031093
  7.14   2.21885480
  8.16   2.21930577
  9.85   0.80956287
  7.83   0.22467894
  8.79   2.35351854
  7.23   2.86580208
  8.82   1.76125592
  9.73   4.46976984
  8.90   4.33858172
  3.43  -2.78445258
 11.54   3.46531672
  5.55  -1.56758928
  3.83  -1.36826895
  8.70   3.15467712
  5.82   1.45677387
  7.25   1.63518059
  7.77   4.96629843
  7.32   4.64763059
  7.85   4.41388883
  6.51   1.98663847
  6.15   4.08116068
 11.43   4.50927414
  9.93   1.49769057
  6.37   2.68086691
  5.62   2.75225781
  8.66   3.18694110
  6.31   0.50238617
  6.60   0.37705017
  8.63   2.52891513
  6.84   2.32076213
  6.28   2.58319489
 10.01   4.54336991
  7.91   2.32441295
  5.03   1.83064712
  7.43   2.95879574
  7.42   5.68242280
  9.49   2.15159960
  9.48   4.42741555
  5.87   1.97002421
  5.62   0.45596808
  6.57   1.02154635
  6.51   6.28626378
  9.26   5.24249805
 10.14   2.90533829
 10.15   2.59731427
  9.58   1.35056920
  7.54   2.19797223
 10.90   3.01729346
  7.66   5.79803210
  7.20   2.54287248
 10.66   4.31090721
  7.74   5.46507642
  8.16  -0.92800924
  8.60   4.45577305
  9.29   2.63667925
  7.34   3.28140063
  7.02   0.17486980
  4.78   1.55090916
  8.61   3.52966807
  8.21   2.78412403
  7.53   6.25392440
  8.46   2.99588696
  9.85   6.05814748
  7.53   3.71455892
  8.78   4.86708424
  7.60   3.94866778
  4.51   2.49305426
  6.67   0.12594443
 10.47   4.74630465
  6.46  -0.26348696
 10.24   1.58428689
  5.78   1.37809181
  9.68   4.22217698
  6.72   1.65866310
  9.07  -0.02605808
  9.94   4.84572138
  9.15   3.85552279
  8.78   4.43448871
 10.52   1.71974266
 11.99   6.67105656
  8.49   3.34364431
 10.10   4.85110862
  8.13   1.11936609
  5.80   1.80164731
  8.99   4.32432994
  8.15   2.31897646
  9.96   3.28664883
  9.47   7.63072260
  7.88   1.63794234
  6.82   2.84030323
  5.22   0.50669245
  6.54   0.56201215
  7.52   0.38737566
  7.68   3.15051265
  8.05   5.00109841
  7.56   1.20513200
  4.18  -0.67345393
 10.71   4.16962293
  5.67   3.24622004
 10.18   6.19207623
 11.26   3.73249881
  8.37   3.58392988
  4.74   2.41274239
  6.68   1.78521723
  7.43   6.53595469
 11.17   8.57262767
  8.78   5.25130545
  9.37   0.98687208
  8.73   1.38604191
  8.03   4.61602957
  7.40   2.96015253
  7.47   3.39228155
  6.02   2.10456200
  7.95   3.64168640
  7.44   4.87530842
  7.36  -1.55163584
  8.71  -1.77607796
  6.67   3.21768632
  6.65   5.34042698
  9.79   1.09684155
 10.89   3.93869966
  7.90   3.89008018
  8.34   5.70606807
 10.25   3.73597413
  8.63   1.06996532
  5.78   4.09110884
  7.17   1.89574600
  9.10   2.74097200
  5.41  -0.06493447
  9.46   2.40936530
 11.08   4.68787219
  5.08   5.78034020
  9.31   6.45524859
  7.80   3.10038679
 11.46   6.17320321
  8.33   2.59497845
 10.06   5.60033304
  4.85   2.86536915
  8.54   3.43822926
  7.63   2.64882998
  5.90   1.77831611
  9.40   2.38712637
  7.95   0.92805675
  8.78   5.36749762
 11.45   3.92038166
  8.05   5.11263540
  8.39   3.36110594
  7.52   4.25117967
  6.21  -2.05394316
  9.40   5.51640650
  7.06   1.34502962
  6.79   1.96405973
 10.31   2.60229449
  7.56   3.06004020
 10.18   3.29498629
  7.07   2.07710490
  5.65   2.40651743
  8.16   4.10561907
  9.57   3.64229942
  9.21   1.98145845
  8.52   3.14254917
  5.44   1.09705731
  5.68  -0.87173944
  7.64   3.36794827
 11.65   5.55331703
  5.45  -0.23401348
 10.82   2.82910441
 11.38   3.89847391
  4.70   1.09072773
 11.48   3.89076903
  6.61   1.39167176
  8.32   3.50018637
  8.49   3.10752429
  9.76   2.64561755
  7.05   5.27856447
  2.64   3.52804953
  7.80   3.23754987
  9.17   2.52209311
  6.92   3.35206243
  7.31   4.33354770
  7.73  -0.25021361
 11.43   2.39353142
  9.23   3.22757587
  6.89   1.43220566
  9.53   3.87389393
  9.02   2.56213070
 12.53   5.51108192
  7.34   2.85135193
  9.50   2.41610958
  7.72   2.22645571
  6.89   5.75374135
  6.99   2.90287439
  8.71   2.58233988
  6.13   0.67228509
  7.50   4.89970241
  7.88   3.16557138
  7.56   4.34395661
  6.10  -0.20244914
  9.02   5.67545000
  9.29   3.97271878
  7.76   4.82832682
  6.91   2.48861893
  6.77   2.22435573
  6.64   1.47180448
  6.27   2.35490838
  9.64  -1.05427304
  8.89   4.98129009
  7.42   4.30550137
  7.92   2.97271504
  7.05   5.75395873
  8.97   2.23767478
  8.64   5.41245051
  7.97   4.72039602
  8.58   3.12008393
  5.43   2.63994268
  5.02   2.14995298
 10.11   4.18395296
  8.88   2.68178684
  7.51   3.55050958
  6.82   2.43645861
  8.53   2.96806062
  7.13   1.07663719
  5.25   2.99273579
  7.89   5.42311480
  9.47   5.63764905
  8.65   0.70462407
  8.37   4.13832544
  4.56  -0.05461914
  8.03   2.29323509
  7.16   4.64162432
  9.05   5.67862173
  3.67   0.15617755
  8.14   4.68655965
  6.80  -1.45386780
  6.67   4.54401452
  8.36   1.47171003
  8.74   6.02642460
  8.07   2.58118859
  9.19   4.24066480
  5.12   3.19094783
  6.90   0.61705312
  4.78   1.89633626
  8.30   4.62133922
  9.07   3.46882440
  6.73   0.49706740
  5.39   1.59657062
  6.39   4.03482459
  6.60  -1.08169538
  8.34   2.08227194
 11.41   5.39401111
 10.02   2.92702408
  8.66   4.76307935
  6.48   2.40593247
  8.99   1.82948154
  5.85   2.06924802
  6.58   1.38186612
  5.31   2.70736134
 11.26   3.72218248
 10.08   6.01898090
  9.12   4.56117198
  6.54   2.84194111
  5.78   2.45682566
 11.07   0.80130033
  6.05   2.31249264
  9.91   1.71854993
 10.77   2.72079275
 10.00   1.36796218
  7.06   3.14031794
  9.11   3.04810841
  7.33   3.05438247
  7.98   3.83281692
  7.02   4.32188746
  8.03   4.17132809
  7.78   4.74350434
  5.83  -1.67257329
  8.57   3.75821421
  7.61   6.28412600
  9.49   3.29985857
  5.14   2.72293269
  9.24   4.37545008
  8.23   2.71655421
  5.56   4.45688429
  4.36   0.53144172
  5.99  -0.46001126
 10.19   2.50675364
  9.34   2.78608961
  7.35   3.03878825
  6.17   1.12857183
  8.98   4.34708352
  9.63   2.44580060
  8.36   4.58019820
  8.18   5.64870814
 10.24   3.11117442
  5.47   3.64907464
 10.43   4.10260229
  8.28   6.42603987
  7.67   4.23655828
  7.87   1.53721221
  9.29   5.52002992
  8.56   4.82430260
  9.58   2.28085020
  7.36   2.97305093
  7.81   6.46817834
  6.28   3.43052278
  6.81   5.59373400
  7.98   1.92469189
  8.32   6.75816178
  7.43   3.64420153
  9.95   3.91571544
  9.19   5.03717309
  9.33   1.68781371
 10.19   3.92450879
  5.54   2.21290405
  7.59   4.18392523
  8.00   1.61267791
  9.15   3.25490375
  7.32   5.74445732
  5.45   1.46438607
 10.83   7.97665422
  7.12  -1.14374468
  9.95   4.52168310
  6.75   2.26137444
  9.44   3.73533980
  7.50   3.76120386
  9.09   6.44652815
  9.31   3.89436705
  8.01   2.66572691
  7.50   1.69051266
 11.05   2.96096126
  8.77   3.82673989
  7.95   3.56116244
 10.96   4.31567994
  4.01   1.10760233
 10.61   4.16193203
  7.86   3.69854434
  8.84   1.77545678
  7.20   2.54262838
  7.09   2.48024079
  7.85   4.03825145
  7.71   2.76560332
  5.25   0.22720884
 10.15   7.24466768
  6.28   1.62754612
  7.10   1.88732855
  6.82   2.09035241
  7.59   3.42499672
  7.90   4.03441437
  5.53   5.72632896
  7.20   1.50329473
  8.73   3.53557586
  7.77   1.28849797
  8.29   1.41887806
  5.41   1.77951138
  8.01   3.42360979
  4.54   2.25113287
  5.38   1.48750435
  7.04   1.14453272
  6.36   2.47355422
  8.54   0.53694765
  8.84   2.92050565
  7.19   1.95110274
 10.88   4.92923716
  9.94   4.40763978
  6.83  -1.18220745
  9.40   1.46257303
  9.88   3.97183246
  8.20   1.13427058
  8.93   6.09822597
  5.96   0.32347250
  9.37   4.80660597
  7.11   2.74316320
 11.65   4.32460571
  9.52   3.84104016
  8.76   5.01364389
  5.52   3.06875214
  8.44   3.80774346
  8.72   2.97569300
  9.66   4.56093979
  9.68   2.81538321
  7.71   5.37490760
 10.33   2.65158252
  5.20  -2.01905073
  7.39   2.57580480
  6.16   1.40377997
  8.58   4.62674241
  8.98   2.35505827
  8.00   1.83624811
  9.52   4.51940792
  9.01   5.11703546
  5.31   0.25406654
 10.18   5.28929070
  7.86   1.35860596
  7.77   2.25290761
  5.52   1.00593312
 10.06   1.70792119
  5.51   2.52163428
  8.44   4.03052420
  8.51   4.34044083
  5.38   0.54395048
  8.54   3.89212499
 12.12   3.81928797
  9.82   5.51480563
  8.83   2.98552636
  8.60   4.81952881
  5.60   1.67247187
  5.66  -0.30707021
  7.29   1.66790073
 10.10   1.86937982
  6.31   3.13983492
  8.33   0.38888084
  5.66  -0.89146461
  7.56   4.77710730
  9.34   3.34137741
  5.99   2.16147836
 10.06   3.95811747
  7.68   3.94171192
  6.34   1.49208078
  6.84   1.71268028
  7.87   3.48405227
  6.55  -0.95639474
  8.15   1.49221631
  7.79   5.00607727
  7.47  -1.39438077
  7.34   4.99302592
  6.47   1.42753264
  7.75   2.31882528
  7.74   5.31068935
  9.35   4.27089769
  9.65   1.69145404
  5.12   1.99607833
  9.78   3.27137553
  9.45   3.99917851
  8.00   4.87627609
  4.83   3.80885216
  7.52   3.39693747
  8.03   6.84223863
  6.91   5.84568864
  9.28   5.34928713
  8.10   1.30236843
  8.30   4.12659252
  7.20   1.76572853
  8.86   5.01194204
  7.19   2.07833212
  6.61   1.17986340
  7.01   0.25058486
  7.65   2.08395441
  8.99   5.54225708
 10.65   4.50695449
  9.51   3.06687372
  9.24   1.12675752
  9.05   0.15375555
  8.98   0.59958401
  9.99   4.13787603
  7.29   4.69028931
  6.72   2.49709153
  7.84   1.60803862
 11.94   8.24805748
  5.82   2.11677119
  8.80   2.33269994
 11.87   4.08637047
  9.33   3.14553071
  7.56   4.26367953
  7.56   3.74644862
  6.07   0.77786025
  5.74   0.18807909
  7.70   3.38382078
  7.12   2.26285078
  6.85   3.79689366
  9.17   0.48020872
  8.74   4.49668559
  9.21   5.98252910
  8.61   3.20836295
  9.85   1.63218649
 10.31   3.90087784
  8.35   1.81871817
  9.58   3.75255222
  8.38   0.71679578
  6.82   3.05484729
  4.31   2.93444927
  9.19   3.22971616
  8.82   4.31151768
  7.40   1.28791194
  8.67   5.86454990
  7.09   2.07765409
  8.34   3.53221784
  6.49   0.11358082
  6.26   4.39426538
  8.94   1.39701244
  7.40   3.18181405
  6.56   2.41178628
  8.79   1.36643294
  7.08   5.11687554
  8.10   5.38160816
  9.62   2.80993887
  5.54   0.41353586
  9.78   2.62360758
  6.28  -0.15425787
  7.76   2.32713174
  7.46   4.07261271
 10.56   2.81197504
  7.29   1.19283973
  7.86   0.39977258
  8.85   1.29225394
  7.20   2.38875179
  8.02  -1.09971098
  9.22   3.62448498
  9.50   4.31841696
  7.79   0.82664002
  8.87  -0.07868154
  9.50   6.61783358
  7.35   0.61612437
  8.89   2.09947593
  6.00   1.09894789
  6.40   1.85530008
  6.19   2.36274714
  7.48   3.46297820
  7.80   3.87739659
 10.48   2.62638806
  7.98   4.20660335
  8.98   5.80056442
 11.11   0.94283874
  8.51   4.12333583
 11.98   6.18564009
  8.60   1.90713300
  5.83   1.71992153
  7.48   4.50312734
  8.87   2.73901962
  7.12   3.00116158
  9.58   1.03251044
  7.99   1.78272260
  8.82   5.10369135
  8.91   2.38618993
  8.23   2.46845543
 11.38   4.78475419
  8.76   1.42400492
  5.42  -1.31557220
 10.47   4.11272879
 10.10   4.07607773
  5.22   4.50519344
  8.96   5.93050308
  9.58   6.32732222
  9.86   5.43117955
  6.36   1.26682195
 11.00   4.10755105
  8.99   3.75628894
  7.31   0.26118626
  9.61   7.34189082
  7.24   2.31756416
  6.91   2.37217379
  9.83   6.32883617
  7.51   3.95499286
  8.41   5.21922127
  6.41   1.41170644
  8.11   2.37562040
  8.31   3.06283143
 13.44   4.73264838
  6.80   1.37963216
  9.51   0.95164568
  4.63   2.30578180
  9.93   3.73459505
  8.24   2.67577956
 10.11   3.49746009
  7.67   1.32702075
 10.96   5.99587328
  9.73   2.35335094
  9.11   3.77041986
  9.79   5.45203866
  7.33   1.86730275
  7.91   1.92779294
  9.24   2.63213583
  7.47   2.58892012
  8.06   6.52834057
  7.56   0.97565823
  7.58   4.33634124
 10.93   2.57350386
  5.97   4.69696820
  9.00   2.31160364
  8.30   4.15936459
  7.67   2.22521494
  7.63   3.46471756
 10.97   3.92232651
  2.80   1.61454575
  5.50   2.54477442
  8.81   2.05144725
 12.33   5.80593121
  7.75   3.86682770
 10.53   7.02203774
  5.97  -0.03860094
  8.99   3.71563593
  6.93   4.05775981
  7.64   4.50051109
  7.01   1.78582690
  7.13   4.19325645
  5.52   1.63002342
  7.74   3.63887009
  9.08   5.87106826
  8.03   4.50447347
  5.60   2.61476377
  7.90   3.14195331
  6.83   3.06747416
  8.24   5.39903922
 10.13   2.68962647
  6.75   1.55109704
  8.75   5.74257315
  6.37   1.18091372
  7.38   2.28788842
  9.73   3.74950648
  6.68   2.44070972
 10.21   4.76219067
  6.86   2.90827040
  5.82  -1.66993587
 10.44   4.96105787
  6.32   3.31625861
  6.90   2.90472308
  6.62   2.29590445
  6.28   4.03545868
 10.28   7.21530955
  9.30   1.78443205
  6.80   2.91685236
  6.73   1.20174241
  7.50   5.06893612
  8.40   2.20200511
  6.27   1.16363349
  6.18   3.68637366
  9.37   4.08484343
  8.87   4.27339115
  4.89  -0.73899173
  7.53   1.75313345
  5.38  -1.14880026
  5.93   3.99542089
  9.12   3.19367571
  6.79   1.12232092
  8.49   2.55583504
 10.23   5.37702866
  6.60   3.96206933
  9.00   0.78284167
  9.57   1.98636318
  7.50   3.51407398
  8.27   2.74773921
  6.79   3.01047691
  5.39   1.70019508
  7.50   5.75275255
  7.44   4.40720033
  9.95   5.20675192
  7.22   2.93578875
  6.81   2.25058297
 10.45   2.37079486
  5.28   1.37837251
  7.51   1.32825695
  8.70   2.53841144
  7.98   1.71100567
  8.43   3.38589852
  8.63   6.81788662
  8.57   4.78670859
  7.91   0.97546898
  8.08   3.36421869
 11.10   6.51749488
 11.18   5.22160966
  6.44   1.08337210
  6.06   0.85723144
  7.78   4.23711010
 11.43   4.39621301
  7.19   6.34535582
  4.73   1.27091501
  9.55   4.82212927
 10.54   0.57965801
  7.93  -0.78737809
  3.31  -0.57656297
  6.99   5.81084275
 12.20   5.21129379
  6.65   3.32720390
  9.37   1.06779013
  6.93   3.27188330
  8.00   2.10273469
  6.71   0.50118026
  8.82   3.05645567
 10.60   5.53271027
  8.87   6.04490150
  7.25   4.60527510
  8.40   5.67030293
 10.08   3.14397095
  7.65   2.45052987
  5.82   4.31924271
 10.65   5.76136267
  5.83   0.04568796
  5.79   4.29963966
  7.92   2.22486608
  5.68  -0.16086265
  8.68   3.71442913
  7.63   2.60889963
  5.11   5.76608719
  8.61   5.47643028
  3.33  -1.48334138
  4.76   0.03868765
  5.98   2.54982793
  7.50   7.21313017
 11.26   3.23092556
  9.53   3.34182196
 11.15   5.35166554
  5.66   6.74275169
  7.17   3.16505732
  4.53   0.16532135
  7.82   1.35880621
  6.61   3.55980276
 10.72   2.79007649
 11.83   5.48382180
  7.84   1.42548134
  8.48   0.98111215
  5.70   2.44711871
 10.74   3.04217910
  9.52   3.44314537
  7.55   4.66504437
  6.99   2.62973087
  6.07   2.32191815
  9.81   4.42647637
  5.76  -0.51007766
  7.38   2.57417056
  6.99   0.92843206
  6.87   4.39550561
  8.75   6.08786308
  3.76   0.49339961
  6.13   2.12225649
  7.46  -0.67279650
  8.35   2.55681772
  7.17   2.22365713
  9.72   4.24579434
  7.10   2.55897330
  8.33   3.02866067
  6.06   0.63847963
  9.71   2.65822636
  6.18  -0.93302918
  9.37   4.12345845
  8.19   5.14277507
 11.61   5.15844799
 10.03   5.46096059
  7.25   4.35698351
  8.86   4.41807770
  6.28   2.08645662
  9.68   0.47950065
  6.36   1.39855576
  7.97   1.47949889
  4.68   2.72321104
  9.78   5.21105892
 11.38   2.45068556
  8.88   4.71773907
  8.03   1.71338526
  7.18   0.15934734
  8.45   2.82584184
  7.93   2.06096712
  7.08   0.82645173
 10.70   4.84925478
  5.04   2.69946872
  6.41   0.36715806
 10.28   1.94855254
  7.05   1.30488854
  4.27  -0.72469845
  7.06   0.04307845
  5.85   2.26511130
  7.76   0.91585364
 10.80   2.22491269
  8.91   3.00088727
  7.12  -0.25546788
  8.31   5.61749829
  9.92   5.05983126
 13.17   1.50936250
 10.08   1.81101854
  7.62   0.00363282
  7.39   0.69314021
 10.50   4.30475877
  7.20   2.68532513
  8.13   3.37771085
 11.48   7.05759014
  6.78   3.84042165
  7.60   0.66930786
  8.69   4.63427567
  4.67   0.20615261
  9.89   3.41472639
  8.79   2.42591607
  7.27   3.10254389
 10.72   4.16895532
  8.47   3.87220912
 10.74   3.91201075
 11.49   3.28805735
  8.15   7.26175585
 11.21   4.13713666
  8.43   4.90976224
  9.97   0.53505117
  7.98   1.60675195
  7.59   3.41170984
  7.63   4.31074140
  7.71   1.28438706
  8.56   2.74231418
  6.55  -0.02911586
  8.26   1.53686100
 10.43   4.20835164
  8.99   2.69880422
  7.81   3.13932700
  8.32   4.94302303
  8.17   1.95238420
  8.66   4.33072403
  6.82   4.75965104
  5.04   4.27365640
  7.64   3.99961259
  8.66   1.27268074
  5.85   3.01428942
  6.94   2.27926577
  7.01   0.61743775
  7.45   4.83114313
  7.49   2.31992428
  8.27   5.35858771
 12.77   2.48607245
  7.86   2.58772004
  7.72   3.25584189
  7.98   5.77878038
  7.33   5.17182803
  5.77   2.21461215
  5.29   5.11985139
  8.11   2.71493299
  7.55   3.14942762
  8.95   6.26181630
  8.67   3.98152511
  5.49   1.13578299
  7.04   2.13020839
  8.16   3.90082733
  9.01   2.96387050
  7.73   2.70453621
  7.39   4.21654466
  7.33   2.72045005
  7.44   3.46993359
 10.05   1.71086706
 10.34   5.07738672
  9.00   1.74520701
  9.13   4.79363721
 10.49   2.78747546
  7.19   4.91338807
  8.88   1.29004723
  6.67   6.87263929
 10.01   4.97753720
  5.59   3.49542260
  6.97   0.07375724
  8.26   0.95412038
  7.83   1.74621568
  5.64   2.25430510
  5.88   0.56564396
  9.84   6.56036323
  8.26   5.42217954
  8.89   2.19792064
 10.22   7.69389282
 10.72   3.72600464
  9.46   3.93608728
  3.92   2.10954275
  6.21   1.55957858
  6.27   2.27175654
 11.76   4.08420761
  8.24   0.54030635
  8.79   0.95219899
  9.18   3.15471613
 11.05   6.71955432
  6.21   0.48474518
  8.64   4.17745101
  8.72   3.88272861
  9.42  -0.01338738
  9.28   1.73857118
  4.77  -1.20195995
  7.89   2.25076388
  7.71   3.32892682
  9.75   2.38855751
  9.31   4.04943489
  6.28   0.77342065
  5.74   2.59170012
  6.91   0.29975709
  7.81   2.84429404
  5.39  -0.19703219
  9.30   2.84720452
  4.65   4.45417497
  5.34   1.94831341
  4.89   2.17963640
  4.86   2.40994584
  6.47   0.82674961
  8.69  -0.28615208
  6.58   4.70520946
  9.74   5.43603028
  9.58   2.88090290
  8.51   4.82057063
  7.92   1.46919665
 10.83   6.44361736
  6.25   0.57480634
  8.51   3.86111543
  9.62   4.68563051
  7.36   3.20020061
  9.09   6.05899719
  8.48   5.49962965
  8.34   3.96445200
  9.45   7.19548961
  9.80   5.27789152
  8.32   1.66522022
  5.61   1.53819635
  5.85  -0.79277656
  7.26   1.97038666
  8.38   3.85484824
  9.55   3.45285588
  5.56   0.38515096
 10.00   6.04728881
  8.25   2.87968137
 11.53   6.87430937
  9.62   6.31428781
  9.54   6.03609272
  8.62   1.55936545
 10.96   4.41912258
  6.15   2.72111696
  5.32   9.07305636
  8.43   3.53444726
 10.57   4.98497730
  7.39   3.93440594
  5.17  -0.43790245
  7.58   1.59364491
  6.54   2.94629564
  5.32   1.05934951
  6.47   2.09275539
  9.49   5.00672147
  6.11   0.18929377
  8.14   7.64740844
 10.15   1.55327157
  5.79   3.49790405
  7.13   1.28066713
 10.06   2.46320512
  8.75   2.65525770
  6.05   6.01125348
  7.16   2.25820977
  9.35   3.45936392
  7.33   3.14336033
  7.97   4.59554405
  8.21   4.47086315
 11.87   5.02978347
 10.78   4.83680672
  6.83   2.31735805
 10.13   1.13797925
 10.14   4.32747011
  8.92   0.07878521
  8.04   5.85982701
 12.08   3.55713864
  7.46   2.98791431
  7.12   2.81133612
  6.97  -0.47081106
  6.15   4.75488462
  8.67   3.30410303
  6.90   2.36289072
  8.21   2.54002047
  8.06   2.74771059
 11.41   4.75410456
  9.27   2.86041102
  8.01   1.16810545
  3.97   0.70569482
  9.32   3.53196749
  6.48   0.51518464
 10.02   3.58500392
  7.43   2.19248701
  7.91   4.07968741
  6.40   1.94675789
  6.67   0.40007557
  9.00   4.36560258
  8.88   1.87502644
  9.60   4.39055883
  5.73   0.69027340
  8.26   4.50736015
  7.13   1.72978144
  7.94   2.44611660
  6.82   4.74943224
  8.58   6.28303381
  9.29  -0.18898985
  8.09   4.32347650
  9.37   5.27299793
  8.86   4.12537417
  8.03  -0.35286803
  6.54   2.40016480
  6.83   2.57855093
  9.22   3.35448467
  5.98   0.22358919
  7.86   2.07079049
  5.88   2.02003977
  8.46   2.30380019
  8.31   6.24834559
  6.36   1.58150642
  8.03   2.81567548
  8.19   5.38047722
  8.88   4.56252725
  8.66   5.37136631
  7.81   2.14334984
  8.64   1.87459330
  8.79   5.60164591
  7.12   1.49868449
  4.10  -0.37064169
  8.28   5.39512464
  9.98   3.39595386
  3.80   2.02237064
  6.78   2.72912349
 10.18   3.79155260
  7.10   5.09290808
  9.17   3.80098683
  9.73   1.37160301
  4.44   2.40753909
  4.09   2.69147984
  5.88  -2.05613891
  5.78   4.81289153
  8.22   5.08804366
  9.02   5.93570245
  3.83   3.46304446
  5.11   2.64267850
  9.01   5.42904542
  6.60   1.99097362
  8.93   1.66988632
  7.29   3.71938211
  6.43   2.83441932
  5.57  -1.55721525
  4.24   2.46575113
  6.54   2.05260304
  4.64   1.63418148
  8.73   2.64587091
  6.19   2.84090242
  8.71   0.35344744
  8.77   1.35954088
  9.14   4.20111701
  7.54   3.38126855
  9.01   4.47790261
  7.11   3.77642951
  7.73   4.53605501
  7.25   2.10189523
  7.98   2.57937557
  7.52   3.80912694
  8.86   6.13825404
  6.53   2.33416973
  7.85   4.65707960
  9.79   5.72283417
  8.53   1.96466267
  7.52   1.43974148
  7.93   3.85085228
  9.91   2.28093064
  4.52  -1.04539790
  7.56   2.15440934
  5.78   0.76227269
 10.47   5.91826045
  7.37   2.03770966
 10.97   3.08038961
 10.16   2.27518695
  7.08   2.58138447
 10.07   2.50595018
  5.45   3.16390243
 11.14   5.28762767
  8.85   6.15567468
  6.89  -0.21111948
  6.36   2.54553675
 10.31   3.60985673
  9.24   3.44205430
  7.84   2.12568725
 11.65   6.01764584
  8.68   1.84851449
  6.44   0.27115538
 11.99   2.96125507
 11.47   2.37188866
  9.14   5.31798534
  9.74   4.02455903
  8.64   3.10441178
  5.18   2.63406377
  5.39  -1.39439939
  7.32   2.97177124
  8.59   4.06161092
 11.43   2.61648286
  9.97   5.63290453
  7.35   0.88836905
  9.19   1.89629524
  8.28   5.61809052
  7.44   2.24261156
  8.26   2.99609303
 11.72   3.18825928
 10.17   2.75776642
  5.23   0.09025584
  9.31   4.07890852
  5.36   0.78161942
  6.27   0.29851100
  8.60   4.24318385
  5.75   3.12391510
  6.78   2.32812113
  7.59   2.27588456
  9.97   4.25387818
  7.88   3.51004167
