 -0.40  -0.67095366
 -2.63   0.26619387
  0.42  -0.86302376
  3.37   3.54432027
 -1.81   3.88448251
 -1.47   0.42420704
 -0.32   3.94927789
 -3.78   3.64808255
 -6.67   0.63109202
 -0.14  -0.17181784
  1.02   3.06929172
  0.91   2.34820666
 -2.46   0.71244905
 -4.27  -0.37601000
 -4.38  -2.89038143
 -3.39  -1.79706945
 -3.00  -1.38400818
 -4.44  -0.59974610
 -5.09   1.01625723
 -2.44   2.81776029
 -3.02   1.90965356
 -2.10   1.17414621
 -1.07   1.21158547
 -0.35   1.44565667
  0.33   1.23924039
 -0.18   3.09423601
 -3.14   2.06204900
 -3.92   1.58017962
 -2.80   2.34448556
 -0.45   1.99251425
 -1.04   2.08816738
  0.99   3.24048966
 -3.90   0.23395125
  1.41   3.16438825
 -0.53   0.36456684
 -0.99   3.59999563
  0.31   3.63704814
 -4.50   1.14438802
 -0.54   0.80423742
  1.55   0.94221091
 -2.89   0.18608227
 -3.63   1.06658652
  1.02   1.75252006
  1.21   2.37928002
 -0.60   2.46892962
 -3.25   3.91247587
 -6.32   2.39550708
 -3.22   0.95290533
 -6.77  -3.71933627
  0.98   1.32457103
 -5.33  -0.85045548
 -2.97   0.61624777
 -0.62   1.09539575
 -0.49   4.05636959
 -0.95  -0.10607252
 -1.33   0.20979057
 -4.01   0.91768464
  0.28   4.26216681
 -2.62  -0.73809900
 -2.17   0.49988638
 -1.51   1.42784726
 -4.44   2.93503600
 -3.43  -2.25863023
 -0.08   3.27484250
 -4.23  -0.65856534
 -3.29   2.02241152
 -3.79  -1.22450643
 -3.24  -1.73943017
 -1.97   2.96672837
 -3.00  -2.76360089
  1.31   3.90262427
 -3.78   0.30826288
  2.04   2.06120970
 -5.09  -1.54288105
  0.08   0.19173524
 -2.08   0.11267951
 -1.91   0.04533791
 -1.27   1.45576701
 -2.87  -0.12361512
 -2.32   0.35784199
 -0.89   1.50539798
 -1.98   2.99613690
 -0.74   1.00941270
 -1.19   1.81659070
 -3.74  -1.16119225
  2.23   3.76931015
  1.26   4.41173492
  0.47   3.08240661
 -0.28   1.43199606
 -2.90   1.06707156
 -4.31  -0.42828755
 -1.36   3.61063792
 -3.54  -1.68436483
 -2.59   0.89193057
 -1.88  -1.46859783
 -1.58   2.54293841
 -2.44   3.27950660
  1.28  -2.68551630
 -3.26  -1.10083591
 -2.84   1.13662587
 -4.96  -0.69856931
  0.10   0.31011241
 -4.29   0.74923605
 -4.79  -2.39674028
 -1.64   1.44934641
 -2.70   1.57939716
  2.61   3.68274942
 -0.57   0.22922385
 -1.51  -1.61137760
 -2.04   1.86705717
 -1.30   0.31586559
  1.17   1.01028615
 -2.40   0.20908011
 -1.26  -0.37613661
 -3.38   3.38998026
 -2.81   1.70523456
 -1.43   3.11010331
 -1.78   3.70649152
 -3.57  -1.83009190
 -3.85   2.40758493
 -2.62  -0.48069975
 -2.91   0.72149654
 -1.24   0.24233181
 -2.22   2.47396371
 -4.06   1.68436310
 -0.11   1.38509646
 -1.67   1.61757286
 -0.32   2.69351234
 -2.22   1.47905292
 -2.87   1.47127583
 -3.12   1.11544502
 -1.31   2.56993396
  0.47  -2.29359460
 -1.43   2.40909352
 -2.45   1.99971469
 -2.97   1.64221152
 -1.24   0.41141569
 -2.05   1.66492211
 -1.92   1.62048392
 -2.83   2.45219697
 -3.82  -0.80730936
 -5.25  -1.12884572
 -3.41  -0.69459055
 -0.78   4.11802405
 -1.58   0.83904012
 -2.73   1.26406384
 -1.82  -0.80024362
 -0.52   0.69244132
 -1.12   1.51003772
 -4.89   0.93034706
 -3.30   2.05739659
  1.92   4.13322152
  0.87  -0.80468248
 -5.48  -0.74099418
 -4.96  -1.68201413
 -2.02   4.44880717
 -1.08  -3.79906889
 -3.87   1.28864447
 -0.48  -1.24448363
 -2.56   3.86093872
 -2.33   3.42593272
  1.26   4.04458609
 -2.21   2.62048864
  0.52   2.38993065
 -2.62   0.04633509
 -0.99   1.54422674
 -2.05   0.31159339
 -3.41  -0.39183302
  0.01  -0.87527306
 -0.09   1.91655052
 -1.68  -0.43417599
 -1.06   2.18154428
 -0.15   1.27629845
 -0.34   4.75312533
 -5.97   0.37414819
 -2.63   1.18695457
 -0.69   3.47940353
 -2.73  -0.36620532
 -4.08  -0.09226806
  2.04   1.97981824
 -3.92   1.28476572
 -2.11   2.60020605
 -1.47  -0.29392280
 -2.74  -1.12641879
 -2.32   2.36596516
 -3.03   3.11908918
 -2.51  -2.45787212
 -2.11   2.27562890
 -0.84   1.73650011
  0.57   2.16292912
 -3.98   1.44919677
 -0.49   0.38397976
 -3.45   0.08998882
 -5.86  -0.44349445
 -1.38   3.26576968
 -1.50   0.85228274
 -5.53  -0.02719717
 -1.32   1.93581484
 -4.21   0.02052669
 -2.14  -2.27101153
  0.66   3.38906592
 -0.79   0.92691658
 -1.24   1.86966010
 -2.92   2.54800185
 -2.15   0.22092628
 -4.51   0.78686283
 -1.77   0.69579676
 -2.33   0.63076087
 -3.81   0.96025046
 -2.32  -0.63104764
 -4.69   0.66858235
 -2.83   1.87354571
 -3.47  -1.07383212
  4.29   4.85111225
 -2.98   0.19866837
 -0.13   0.63708094
 -1.31   0.89656068
 -1.35   3.31882614
 -3.65   0.30516646
 -1.11  -1.59856659
 -2.42   1.30569501
 -0.33   0.62605670
 -0.66   2.83253883
 -3.41   0.91446313
 -2.17  -1.13617224
 -1.59   3.81122586
  1.31   4.50947126
  0.77   5.30977025
 -2.83  -0.14264306
 -1.26   0.22148614
 -2.61  -0.02446560
 -3.02  -5.84408841
 -1.57   0.32677193
 -0.38   1.69642591
 -1.77  -0.42209042
 -0.32   1.45248419
 -3.01   1.46849037
 -4.00  -2.72547771
 -2.23  -0.03325227
 -2.53   2.62842433
 -4.28   1.14918561
 -0.72   0.24285399
  0.44   3.45260978
 -2.87   1.43787814
 -0.80  -2.85800344
 -0.26   3.76433291
 -0.59   1.61313562
 -0.88   2.00277862
 -4.39  -1.12944425
  2.65   0.74216743
 -2.02   1.36920311
 -4.62   1.47444816
 -2.67   0.51204429
 -0.29   2.07938530
 -1.15   0.67057924
 -2.10   0.46214186
 -1.70   0.51860056
  0.02   3.93240636
 -0.51   0.75240555
 -3.19   1.69168149
 -1.01   2.24936614
 -3.87   0.92970536
 -0.89   0.83753234
 -1.69  -0.45812707
 -3.39  -0.82205893
 -2.32   1.09546464
 -1.50   2.12675785
 -0.52   0.43177119
 -0.59   2.11478930
 -1.32   2.37779892
 -2.35   2.18273304
 -3.39  -0.09002163
 -3.38  -2.13277860
 -1.03   2.19085279
 -3.18  -2.51114847
 -0.52   4.13314206
 -1.99  -0.08733430
 -2.02   1.66857789
 -6.63  -0.30597375
 -0.38   1.13925796
 -3.57   0.27813483
 -4.15   1.35430766
 -2.71   0.65959404
 -2.39   0.61625135
  1.35   2.89975087
  0.85   2.15712885
 -0.74  -0.12334636
 -5.17  -0.63558671
 -4.26  -2.51992027
 -2.51   3.97787551
 -2.17  -0.21437664
 -2.75   2.78977643
 -2.54   3.91044620
  1.34   2.18028093
 -0.29   1.95646764
  0.75   1.65335839
 -1.95  -3.45457268
 -1.52  -0.42968746
 -2.65  -0.73578532
  1.44   3.07796990
 -2.13   1.38995694
 -3.27  -0.86820781
 -2.92   4.39648709
 -2.53  -1.71267444
 -0.11   1.95457995
 -0.05   1.58336958
 -0.21  -0.20522884
 -0.07   3.01873037
 -2.05   0.81728261
  0.93   2.22852391
 -3.81   2.30840204
 -1.75   1.38205686
 -2.62   1.23676886
 -2.94  -0.19837215
 -1.43   3.22680158
 -1.46   0.89747118
 -4.48   0.20314147
 -2.37   0.79364219
 -2.27   0.86042878
 -0.50  -0.38744508
  0.17  -0.62116249
 -1.31   1.64187243
 -2.21   2.39436423
 -2.40  -0.61934825
 -1.32   0.98683819
 -0.94   0.39204649
 -2.60   0.58291918
 -0.26   3.42025912
 -3.78   0.77898223
 -3.23  -0.21016880
 -1.96  -0.74959221
  0.04   0.72606556
 -2.66   3.25685877
 -0.81   0.01104613
 -2.77   0.86874187
 -1.57  -1.39189639
 -2.01   0.35738328
 -2.10   0.77680080
 -3.02   2.64719243
 -0.92  -0.14242901
 -0.39  -2.49396511
 -1.87   0.67110747
 -1.43   3.16663949
 -4.36  -0.81399346
 -3.99   3.31391223
 -0.74   2.69522600
 -0.63   3.86740932
 -6.66   1.63065575
 -5.61  -2.29081991
 -2.84  -0.57664546
 -0.35  -0.28201016
  1.98   0.11941512
 -3.80  -0.63889512
 -1.58   4.23219198
 -0.72  -0.11645464
 -2.07   1.23042069
  0.64  -0.58035636
 -2.06   0.70213542
 -4.73  -0.99924456
 -3.76   0.72856193
 -4.26  -1.02234024
 -4.48  -3.16858857
 -2.18   1.71136694
 -3.86  -0.98584905
  1.41   3.48814098
 -0.31   6.20393536
 -1.45   1.30149299
  1.70   2.34862213
 -2.14   1.67425449
 -2.63   2.11217843
  1.27   0.68662896
 -0.56   0.42281710
 -3.02   0.70948346
 -1.76  -0.15117911
 -0.36   0.82069871
 -2.64   3.01287936
 -4.68  -1.28937326
 -2.43   1.60952764
 -5.27  -1.61806944
 -1.53   0.34327947
 -3.63   1.83984058
 -2.57   0.81380455
 -2.48   0.38444627
 -2.70   0.44619895
 -3.19   0.52001688
 -5.94  -0.04135426
 -2.36   0.71139059
 -1.07   1.03542562
 -1.19  -2.14668607
 -2.42  -0.82090639
  0.05   2.57847067
  0.81   4.86264334
 -3.41   1.16110316
 -1.48   0.97878033
 -3.98  -0.30070563
 -5.79  -0.30604622
 -1.42   2.89121210
 -1.25   1.21864559
  1.51   4.83425948
 -0.92   2.17604216
 -5.24  -0.78657205
 -0.06   2.26452206
 -1.01  -0.87778676
 -2.41  -1.01834853
 -1.18   3.91263455
 -1.96  -0.82266450
 -1.14   2.71481461
 -6.39  -1.81131319
 -1.53   0.86917824
 -1.84   2.05388921
 -1.42   2.87134178
  0.85   0.81176482
 -5.89  -2.60757789
 -1.92   1.19764391
  1.12   1.77423097
 -4.12   2.10335630
 -3.05   0.85120093
 -1.74   2.14179350
 -0.69   5.40788912
 -3.31   0.98540269
 -3.87   1.98066756
 -4.45  -2.18453691
 -4.35   2.07650790
 -1.18   3.36571321
 -1.36   0.62118526
 -3.10   2.09542003
 -1.35   1.84049563
  0.36   0.57454232
 -4.85  -0.53788537
 -3.21   1.86592798
 -2.22   0.09575269
 -0.80  -1.12836143
  1.21   0.93028475
 -0.84   3.16147203
 -1.67   0.64899627
 -2.36   0.18355103
 -1.27   0.24127410
  0.23   0.33545976
 -1.35   1.68395469
 -0.69  -0.35059802
  0.51  -0.17997480
 -0.93   0.68501279
 -3.67  -1.00667563
 -2.75   0.07593614
 -2.91   1.78758030
 -4.12  -2.02054001
 -3.69   0.64104515
 -1.67   1.96970289
 -1.78   4.71199318
 -0.72   3.67810587
 -0.38   1.87396126
  0.44   2.82565805
 -4.70  -2.00491165
 -2.05   0.63326695
 -2.06   0.13142606
 -4.76   1.68634654
 -2.35   3.86803429
 -0.42   1.71222985
 -0.95   2.46709908
 -1.09  -2.58070352
 -3.33  -0.15826399
 -2.35   2.86177619
 -2.29  -1.27830404
 -3.86   0.76304759
 -4.78   2.31836597
 -3.46   1.45630187
 -2.42   1.83544500
 -2.95   0.67968845
 -1.09   0.98134213
 -2.82   2.53588117
 -1.10  -1.64869263
 -1.41   1.89965151
 -4.08   0.33823662
  0.33   3.13428000
 -0.22   2.59152055
 -4.35  -1.14575957
 -2.12   1.04407031
 -1.37  -1.91662011
 -3.01  -0.66417901
  1.68   2.89571348
 -0.29   2.91908743
 -3.32   0.78422462
 -4.66   0.00081902
 -2.35   0.75542377
 -2.86  -1.01192545
 -1.18   3.27784200
 -3.17   2.14202375
 -1.98   0.34808711
  0.02   3.46601223
 -3.15  -0.01364132
 -0.84   1.13945215
 -4.26  -2.10930754
 -1.61   4.18157270
 -4.78  -0.08526681
 -3.42  -0.08572295
 -4.24  -1.30774823
 -2.47   0.96793296
 -3.93  -0.68208973
 -2.85  -0.19998791
 -1.71  -0.90253184
 -2.04   0.67712057
  0.64   0.79755420
 -2.25   4.08941833
 -3.00   0.09927316
 -3.16   1.52233695
  2.04   1.02225310
 -0.61   1.72261620
 -2.27   0.59856318
 -1.67   1.67555212
 -2.61  -1.97896161
 -2.85   1.97413489
 -3.38  -0.36831167
 -1.39   0.51078796
 -3.59   1.12254951
 -3.54   2.56064273
 -2.04   1.83520273
 -2.34   2.34238870
 -2.89   3.00631313
 -1.53  -0.22412754
 -1.76   3.25914048
 -3.58  -0.57203749
  2.70   3.24966756
 -4.19   1.70718845
 -5.32   0.82658289
  0.78   1.65682576
  1.18   1.07006589
 -3.51  -1.06980221
 -5.75  -0.13932502
 -1.08   2.22875405
 -2.37  -0.39314965
 -2.59   1.90054742
  1.11   3.07444208
 -1.75   1.41078706
 -1.27  -0.23422495
 -4.38   1.79323392
 -2.54   0.11635273
 -1.67   1.90506244
 -3.83  -0.48890725
 -2.43   2.53064672
 -1.81  -0.28909059
 -4.45   2.00291742
 -4.18  -0.16504602
 -5.70  -4.08697551
  0.95   2.48701025
 -2.72   2.05987394
 -3.40   2.45945018
 -2.53   2.09437408
 -2.63  -1.10777996
 -2.27  -0.55953042
 -4.24  -0.43474799
 -0.49   1.76776198
 -4.74  -1.95865452
 -2.29   2.43213378
 -0.33   2.50154046
  1.09   0.92531127
 -0.47   2.74406929
 -0.61   0.08751064
 -4.66  -0.80635692
 -1.44  -1.37199703
 -2.25   0.12052916
 -3.69  -0.13087008
 -1.60   0.31115464
 -4.16  -0.70218221
  1.04   3.41130308
 -3.34  -0.42454343
  0.66   2.00371783
 -5.06  -1.79314974
 -3.42   0.12346151
 -2.28   1.78575966
 -3.78   1.10522688
 -3.38  -0.08073733
 -0.69  -1.53237630
 -4.66  -1.54308305
  0.45  -0.49022457
 -4.14   3.23735026
 -3.06  -1.12621495
 -1.41   1.38383293
 -1.31   1.39521846
 -2.32  -0.09553335
 -2.98   3.18667655
 -2.15   0.48471569
 -0.21   0.56983625
 -1.77  -0.79262991
 -1.34  -0.19750581
 -1.96   3.01318145
 -2.34   1.22186552
 -1.78  -0.59280574
  0.66   1.28513684
 -1.06   4.40160402
 -3.21   1.12937645
 -4.19  -2.30060622
 -1.82  -0.22991516
 -5.43  -0.36477857
 -4.16   0.81333265
 -1.31   0.51845870
 -0.03   0.97955938
 -1.21   1.35474628
 -2.21   1.27186732
 -3.73  -0.73447079
 -2.54   1.65995121
 -4.01  -3.09084217
 -3.10   1.66068102
 -1.79  -1.06595538
 -1.10   0.28419770
 -1.84   1.73820971
 -2.07   1.80482058
 -2.54   1.94348169
 -1.87   0.80109452
 -0.29   2.76812958
 -5.04  -1.43009459
 -4.42   0.45682397
 -1.38   2.00926362
  0.53   1.53097594
 -3.73   1.11581641
 -1.49   0.69105557
 -2.90   2.83032454
 -0.53  -0.61836001
 -1.64   1.67494886
  1.51   2.21347409
 -3.42   2.18411143
 -4.48   1.10047515
 -1.17   1.19517732
 -2.63   0.25808430
  1.46   4.23490337
 -1.55   1.18470093
 -5.95   1.46717841
 -1.98   3.55927662
 -2.50   0.98170288
 -0.47   0.11257039
 -0.88   6.22179124
 -4.34  -1.91797733
 -2.82   0.09111416
 -0.19   2.67958221
 -1.76   0.73744478
 -1.63   0.74061716
 -1.34   1.79953809
 -2.08  -0.11498728
 -2.79   0.11432991
  0.12   1.54647861
 -4.34  -1.05508921
 -1.09   2.08622730
 -2.03  -0.37446980
  1.38  -0.12389555
 -1.80  -0.61514353
 -3.13   0.49634695
 -3.94   1.19900655
 -4.97   2.40936463
 -0.50   1.55404234
 -2.37  -1.33473394
 -2.35   1.34959299
  0.11  -0.08819397
 -5.11  -0.11114569
 -2.06  -2.64030511
 -3.00   2.76740362
 -4.21  -0.76158124
 -3.15   2.10378910
  1.24   2.55305201
  1.14   1.41363792
 -0.76   2.31549595
 -1.25   1.23133245
 -0.92   3.55608498
  0.11   3.98386564
 -3.12  -2.40308745
 -4.20  -1.52038909
  2.02   0.31000829
  0.19   2.88696323
 -3.57   3.54797360
  0.12   2.76659170
 -0.82   2.21933719
 -1.65   0.32933172
 -3.55   0.86468646
  1.87   3.91180577
 -2.16   0.73554706
 -4.12   2.62279714
 -3.29  -0.55334867
 -1.28   2.25793354
 -2.17   0.94711246
 -1.17   3.62987121
  0.65   0.73389676
 -0.09   3.29317161
 -2.44   3.21628418
 -5.10   0.19968990
 -1.42   2.37868631
 -1.68   3.42365519
 -2.32   0.77188355
 -2.47   1.27173467
 -2.65  -2.09118423
 -1.13   0.21261280
 -3.84  -0.36452068
 -3.31   1.43825677
  0.11   2.16922601
 -0.94   0.07920442
  0.68   2.27684695
 -4.17  -0.48579430
 -5.13   2.76211679
  1.37   0.13032084
  1.46   2.46350009
 -3.65   2.25827054
 -2.28   1.03322836
 -1.83   2.15767254
 -2.85   4.04173301
 -0.70   2.44739597
 -5.56  -2.11398456
 -4.01   0.62713430
 -0.17   2.24065050
 -2.35  -0.81613760
  0.13   3.59477528
 -0.57   3.27128132
 -0.71   1.24690310
 -3.66   1.25300172
 -3.17   1.21902529
  0.05   1.73367958
  1.42   0.72121164
 -3.94  -0.70639263
  0.55   1.13771191
 -5.37  -0.89934593
  0.02   1.07614600
 -0.83  -1.60813176
 -1.94   0.63624152
 -1.76   0.46985696
 -5.19   0.53257072
 -0.27   1.07908540
 -0.41   0.84267069
 -1.24   1.02287618
 -1.68   1.21554373
 -3.00  -1.21650149
 -4.45   1.32748941
 -0.12   4.02137773
 -3.88   3.72389739
 -2.76  -0.37950299
 -6.46  -0.25460311
 -5.45  -2.77575224
 -2.87   2.28723408
 -2.13   1.46432007
 -2.79   1.65527637
 -1.62   2.37886118
 -2.32   1.68961201
 -3.04   1.38196833
 -2.16   2.57686208
  0.04  -0.08220445
 -1.15   2.64502677
  1.29  -0.07256274
 -4.84  -3.74069432
 -1.63   1.61686984
 -4.83  -1.41155296
 -2.76  -2.43388087
 -3.78  -0.61274172
  0.59  -0.40425635
  1.94   0.74699610
 -1.55   2.38234403
 -3.38   1.49862017
 -2.25  -0.74041587
  0.07   2.58286704
  0.97   0.81676490
 -3.13  -0.20925786
 -2.47  -0.87690335
 -1.23  -0.22204132
 -4.33  -0.42931830
 -1.39   3.36994627
 -2.65   0.63737901
 -2.82  -0.82999368
 -2.52   3.11576395
 -3.19  -0.62535098
 -2.32  -1.27503663
 -3.21   0.46269478
  2.07   1.74189123
 -0.51   1.24963055
 -4.76  -0.35001399
 -2.12  -1.59523781
 -1.73   1.30093759
  2.01   2.79657375
 -4.25  -1.52795287
 -3.58  -0.42989410
 -0.87   1.62257334
 -0.17   2.93507762
 -2.11  -0.00549424
 -2.82   0.85500957
 -5.83  -1.96612066
 -0.87   1.79626333
  2.56   5.29198661
  2.84   4.98908957
 -2.60   2.81287934
 -2.65   0.33294929
  1.17   1.30965823
 -4.18   0.11050091
 -0.89  -1.08924222
 -6.47  -1.87142893
 -1.82   0.70153262
 -3.88   0.92014770
 -1.86   4.37241709
 -5.36  -0.29394745
 -3.81  -0.61049762
 -0.10   4.89190041
 -0.90   1.31695026
  0.30   3.22931190
 -5.21  -2.69601882
 -0.90   0.15199117
 -1.48   1.32906817
 -2.45  -0.04312370
  2.53   4.39865094
 -3.48  -2.16000996
 -4.65  -0.52640446
 -3.30  -2.89855391
 -3.01   0.10035659
 -0.53   2.95459282
 -0.92   4.17075876
 -4.84   0.47549963
 -0.96   0.22850117
 -3.60   2.78182927
 -1.98  -0.31378308
 -3.25  -0.09761296
 -0.97   2.40526138
 -4.01   0.07012125
 -0.26   4.06729094
  0.14  -2.34226818
 -0.10   2.52458848
 -1.01   1.38995860
 -0.62   4.74011701
 -1.57   0.99827662
 -3.18   2.20245384
 -0.13   4.96687763
 -1.31   3.87715321
  0.60   3.81473624
 -0.11   1.97124463
 -2.88   1.83117300
 -1.50   0.63701692
 -2.66  -1.09606509
 -0.24   1.45575330
 -1.84   2.34467898
 -3.55  -1.01404014
 -1.70   0.28312004
 -6.81  -0.94614334
 -1.35   1.29550598
 -0.10   0.17973724
 -3.82  -2.23828001
 -1.02   4.15327581
 -2.20  -2.28032094
  0.51  -0.34764627
 -4.15  -1.71052845
 -0.36   2.28344138
 -4.35   1.29595515
 -2.96   1.70303139
 -2.91   0.00271206
 -3.13   0.52990829
 -2.36   5.18835217
 -0.18   2.28411581
 -1.95  -0.68908825
 -4.06   0.33132649
 -2.96  -0.66914836
 -1.59  -0.75814655
 -3.72   0.58737093
 -0.65   1.07627282
 -1.33   2.09151423
 -2.75   0.42395492
 -3.98   2.50028129
 -1.83   2.01148321
 -4.21   0.72865788
 -1.83   0.52320490
 -2.61  -0.87029410
 -0.47  -0.44633200
 -0.91   2.80697592
 -2.63   1.07154029
 -3.55  -1.06918596
 -1.86   2.43394251
 -1.53   0.20496719
  0.08   0.12714161
 -1.18  -1.50460297
  0.30  -0.74198721
 -1.75  -0.59701805
 -1.02   0.25243478
 -1.74   1.25314173
 -2.48   0.90667213
  1.85   4.48198890
 -0.69   2.08333319
 -1.56   0.65189171
 -1.84   3.48713245
 -0.38   3.04431025
  0.11   1.64346945
 -4.77   0.13562500
 -0.07   0.58782700
  0.62   4.24642133
 -1.90  -0.35535350
 -3.20   0.17558411
 -2.51  -1.11388407
 -3.11  -1.49167963
 -1.29   2.13107213
 -2.51  -1.56359756
 -6.29  -0.53794060
 -2.00   0.09829488
 -0.81  -1.15332742
  0.67   1.61434356
 -2.98   0.29030924
 -3.19   1.01771063
 -3.32   0.27360686
 -1.22   0.73095509
 -1.56   0.61538602
 -0.97   0.79102954
 -1.49   2.39780104
 -4.07   0.46123631
 -2.81   2.13896502
 -1.55  -1.78175220
 -1.05   3.52995144
 -1.49   2.74763633
 -0.18  -0.30024178
 -0.52   2.35690362
 -1.00   4.00547998
 -0.88   1.07209950
 -3.57   0.23743463
 -0.48   0.14342448
 -4.37  -0.48450528
 -2.92  -0.16626448
 -0.04   2.55155606
 -2.58  -0.14806641
 -3.31  -1.96101620
 -3.75  -0.76675173
 -1.91   0.96092340
 -2.44   0.28907413
  0.26   1.74309942
 -0.55  -0.24447098
 -5.92  -1.61911184
 -0.38   0.68227586
 -1.93   1.04759859
 -0.82   1.59952995
 -1.44   3.64938022
 -1.53   0.71071588
 -2.60   3.17835523
 -2.50  -0.35168162
 -0.41   0.92432366
 -1.83   0.06345845
  2.18   2.33732421
 -3.64   1.19045867
 -0.54   3.93415707
  2.18   2.96830862
 -2.75   1.13562736
  0.28   2.89470129
 -1.77   1.48854798
 -4.42   2.56672586
 -1.53   0.87005495
  0.85   2.06183061
 -4.20  -2.62919792
 -2.37   1.71266831
 -0.85   4.15245800
 -0.95   1.29914773
 -4.11   2.43942001
 -6.16  -5.50471539
 -4.03   0.64112791
 -3.36   0.33349942
 -0.90   1.28524873
  0.02   2.54382446
 -1.07   3.50232091
 -4.42  -3.14499574
 -4.19  -0.51443370
 -2.83   2.76791534
 -2.38   2.64455028
 -1.94  -0.12787589
 -3.52  -0.95695585
 -5.04  -1.48690337
 -3.85   1.60987307
 -0.40   2.44095591
 -2.18  -0.05685442
 -2.26   0.02398002
 -0.59  -1.40784613
 -0.71   1.78245779
 -3.71  -1.42697074
 -2.16   2.28658758
  0.76   4.02324477
 -1.17   3.77870506
 -3.98   2.77540669
 -4.32   0.88445308
 -2.90   1.06927837
 -3.30   1.02720357
 -2.05   3.01162065
 -1.73   1.13858860
 -2.02   0.69093423
 -3.71   0.48224729
 -0.93   0.54560451
 -0.75   1.70206095
  2.47   2.74786742
  1.39   0.12016446
 -0.59   1.00585152
 -2.14   1.47174165
 -0.92   2.08027241
 -6.50  -2.11976923
 -2.86  -1.75785877
 -4.50  -1.12564338
 -1.57  -2.69205944
 -7.04   1.42918287
 -1.49   3.20582363
 -1.05   0.08544968
 -3.28   0.22527223
 -4.69   0.53937284
 -2.76  -0.22685552
  0.38   0.59639924
 -6.64  -2.12967810
 -5.11   0.61057714
 -1.93   2.78748836
 -3.67   0.38955780
 -3.34   1.44520686
 -2.12  -0.82925402
 -2.52   3.37085508
 -1.40  -1.59745697
 -4.67   0.07298481
 -1.11   0.01717274
 -1.26   0.51862150
 -3.38  -1.72442690
  0.18   2.81878571
 -0.06   1.73081860
  0.83   3.38191612
 -0.74   2.28326218
 -3.66   0.21939511
  0.22   3.58810437
 -2.98  -0.63602861
 -2.12   1.83223441
 -0.20   1.06986726
  1.14   0.82829760
 -2.42  -2.07685671
 -2.93  -0.44642643
 -3.18   0.31280243
 -1.55   0.04042246
 -2.75   3.84080288
 -3.62   0.21086261
 -2.07   0.56531296
 -0.78  -1.74894973
  0.61   2.74711928
  2.00  -1.50467903
 -0.47  -0.22493121
 -3.42   0.41516528
 -0.17   1.21516878
 -0.96   1.76164980
 -1.12   2.80864921
 -3.07  -1.64442940
 -0.48   3.21217266
 -1.42   0.31717880
 -1.83  -0.15692606
 -3.34  -0.99176455
 -1.59   2.05397424
 -0.40   0.99322753
 -3.66   1.71594735
 -3.67  -2.32766494
 -1.09   3.80160643
 -3.54  -0.92192418
 -3.34   1.66197011
 -3.17   0.31927833
 -4.33  -0.43318499
 -0.94   1.01973028
 -3.90   1.85754598
 -3.26   0.31446019
 -3.31  -2.52268890
 -3.98  -0.27438212
  0.48   0.42186383
 -1.07   2.16079363
  2.25   5.40408130
 -2.35   2.33805996
 -2.14  -2.40118576
 -3.58  -0.01971158
 -1.38   0.09432617
 -0.09   2.72936686
 -2.59   1.06469949
  0.39   2.91021320
 -2.02   1.46165055
 -1.37   5.19175968
 -3.84   1.73807544
  0.87  -2.21662702
 -0.42   0.74155522
 -2.63   2.08508288
 -1.63   0.88845172
 -4.71  -1.93978522
 -3.90   1.90840280
 -4.94  -2.21371013
 -3.77   0.76834563
 -4.55  -0.20344160
 -1.44   2.50185179
 -1.81   3.32927262
 -5.53  -0.06918437
 -4.41   0.05652450
 -3.51   4.27102955
 -0.90   2.14133412
 -2.95   2.93778470
 -7.42  -1.13076802
 -1.03  -0.44092657
  1.20   0.54224841
 -1.84   3.68972094
 -3.60  -0.88277716
 -3.31   0.61079358
 -3.98  -2.01096460
 -1.02   2.27665271
 -1.08   0.05827616
 -2.17  -0.40898365
 -2.14   1.40339728
 -5.28  -2.24998027
 -0.58   1.60516699
 -3.05   0.10481267
 -3.91   0.02976837
 -2.77   3.90773558
 -1.99   4.84972123
 -2.90   1.84655286
  0.13   3.82819665
 -2.75   0.64957081
 -0.89   1.82934654
 -1.65   2.46969629
 -2.92   1.79130667
 -2.53  -1.32785633
  0.21   0.54355363
 -0.66   0.48330855
 -3.96   0.33881776
 -3.03  -0.69083909
  2.21   5.06829822
 -2.40   2.14440883
  1.30   0.58898284
 -3.88   0.53668562
 -2.56  -1.70878609
  0.22   0.34227642
 -3.11  -0.47408619
  0.70   2.21006456
 -0.99   1.72450624
 -1.30  -0.54789253
 -1.37  -2.44518077
 -3.59   1.04638631
 -0.29   0.55961699
  0.39   1.68793091
 -1.58   0.06653090
 -1.89   1.53041637
 -0.71   2.60931672
 -2.13   1.11963037
 -1.00   2.36310013
 -1.99  -0.33244774
 -2.47   1.53048427
  1.21   4.23467365
  0.90   0.39547589
 -2.95  -2.26141186
 -0.91   1.46802316
 -2.67  -1.09223865
 -3.38   1.33707025
 -3.41  -0.95627513
  0.33   1.21210669
 -0.16   1.57376730
 -3.43  -2.54074876
 -3.21   2.86314306
 -4.43  -1.44543220
 -1.92  -1.16445918
 -2.44  -0.12100343
 -1.18   1.65284081
 -0.66   2.10447079
 -1.98  -2.96121560
 -1.90   0.83938876
 -2.08   1.65906261
 -0.78   4.44053920
 -1.95   0.59430280
  0.63   2.26441155
 -0.30   1.84529450
 -3.00   0.58564514
 -0.80   3.00930053
 -3.08   0.89972838
 -1.33   1.95610937
 -1.49   1.52608921
 -3.12  -1.54790260
 -3.03   1.55232540
 -1.48  -0.64509501
 -3.20   1.12724683
 -2.72   1.05786828
 -2.13   1.44036840
 -3.44   0.08036512
 -3.75   1.68434550
 -5.66   0.12379939
  1.75   3.90369494
 -3.91   0.91240446
 -4.40  -2.03208987
 -1.99  -2.15213492
 -2.69   1.59395809
 -4.55   1.25966392
  0.13   2.93913784
 -4.01   1.40385922
 -0.32   6.28360990
  0.31   3.98985557
  0.01   2.80852343
 -2.97  -1.06776997
 -3.79   1.70656738
 -5.77   0.32866934
 -2.59   1.21298008
 -2.04   0.71566062
 -1.59   2.14592894
 -0.37   3.86084173
 -0.94   1.37113556
 -4.66   0.56549604
 -4.02  -0.88637266
 -5.66  -3.00897772
 -6.26  -3.07780193
 -4.79  -0.58065239
  1.06   3.02219709
 -1.56  -0.19105393
 -2.70   1.26176760
 -1.01   1.43904646
 -3.37   0.66878901
  4.38   4.55511516
 -1.71   2.67447078
 -2.77   2.44460227
 -6.59   0.17139209
 -5.56   2.33517212
  0.05   2.69771909
 -0.79   2.24347537
 -0.94   0.87351096
  1.01  -0.41895847
 -0.41   2.68467926
 -1.93   3.68185545
  0.53   2.92962638
 -2.29   1.74760483
 -1.69  -0.78241230
 -1.47   0.58001890
 -0.25   3.82794851
 -2.39   2.91330380
 -2.06  -0.54800464
 -1.63   2.14087457
 -2.32   0.93020537
 -1.08   3.44664044
 -0.22   1.66327518
 -2.92  -0.17155814
  0.34   2.34745563
 -3.06   0.28390335
 -1.40  -1.50052489
 -6.13  -0.98044427
 -2.72   0.51653560
 -0.87   0.54558061
 -2.57   0.81030702
 -3.34  -0.29704555
 -0.51   0.28430889
  1.38   3.31365157
 -5.59  -1.54699865
 -1.09   1.27648428
 -3.27   1.25484204
 -0.64  -0.20450350
 -1.04   3.78239568
  0.89   0.53491983
 -4.06   2.63855543
 -2.08  -1.58064713
 -0.60  -0.28597161
 -1.36   2.14720939
 -5.03   3.08323933
 -0.96  -1.89638361
 -2.64  -1.70129638
 -0.45   4.53895375
  1.24   0.82894317
 -0.75   2.23595543
 -0.72   2.49568587
 -2.07   1.73809972
 -3.71  -0.12700262
 -2.76   0.45185166
 -0.02   2.30076286
  0.00   2.80436777
 -2.24   0.82646383
  1.52   1.97172250
 -2.47  -4.26287416
 -2.98   0.62174248
 -2.76   2.35731838
 -0.65   1.45666804
 -3.29  -1.06944054
 -1.42   4.49787781
 -1.93   2.81867813
 -1.44  -1.33536015
 -4.88   0.86152174
 -4.75  -1.98838221
 -5.66   0.55394960
 -0.64   0.88462865
  0.03   3.62522957
 -2.02   1.77256464
 -2.00   2.75975112
 -1.75   1.34130890
 -3.33   0.36645828
 -2.59   2.71525941
 -3.55   1.46267563
 -2.61   0.93139538
 -3.25   0.36782392
 -0.90   1.66915353
 -0.56   0.44297028
 -1.69   2.40207657
 -1.15   0.28545567
 -5.13   1.73235683
  0.82   0.20107840
 -1.62   2.13742627
 -0.21   4.30348687
 -5.52  -3.37741135
 -1.93   0.67262978
 -1.44   0.04203154
  0.91   3.19824732
 -3.09   0.17694677
 -1.79   0.44009142
 -4.98   1.69146949
  0.24   1.30487402
 -2.45  -1.10495065
 -4.35  -0.26723370
 -2.94   0.74442367
 -1.53   1.60175595
 -4.62   0.55103092
 -2.03  -0.37527802
  1.18   4.19523400
 -3.66  -1.24574084
 -1.32   0.20963511
 -4.39  -0.84891085
 -2.81  -1.59523762
 -0.92   3.47721342
 -2.20   2.73154423
 -4.43  -1.29726653
 -2.32   1.23233463
  2.06   3.44312766
 -4.81   1.21471386
 -2.83   1.76360937
 -3.49  -0.49704719
 -1.21   1.91047462
 -1.89   0.59624501
 -4.42   1.23579765
 -3.00   3.66281691
 -5.78  -4.44307041
 -2.87  -1.15384027
 -3.18  -0.38532375
 -6.68  -1.56958994
  2.37   2.61961776
 -1.13   1.89026772
 -3.25  -3.23933780
 -0.06   2.26802910
 -2.64   3.04958624
 -3.09  -0.49802787
 -1.37   0.16074936
 -1.12   2.56516366
 -1.53  -1.11689376
 -3.47   0.65414289
 -6.33   0.52293836
 -0.17   2.55333514
 -4.48  -1.32511348
 -3.22   1.46793296
 -3.73  -0.10534851
  1.24   2.05638481
 -2.48  -1.37435859
 -0.50  -1.74377970
 -1.69  -0.75620667
 -2.84   0.67204115
  1.82   3.31440902
 -1.89  -0.38672797
 -4.67   1.54374494
 -2.36   0.42584653
 -4.83   0.26837040
  1.81  -0.25141795
 -1.38   4.03042222
 -3.69   1.78848839
  1.13  -0.27300568
 -5.70   0.68777437
 -2.67   0.79096510
 -0.01  -0.16734122
 -3.52  -0.28834561
 -2.85   2.73690299
 -5.45   3.41509067
  0.42   3.16992517
 -2.90   2.44289087
 -0.39   2.97174674
 -2.26  -0.39402524
 -3.93  -1.91957858
 -3.02  -1.54421958
 -1.61   0.37696116
  0.11   2.87077828
 -0.10   0.68523636
 -0.11   1.96739578
 -2.95   1.05283950
 -1.53   0.75995712
 -4.16  -1.18918663
 -3.73   2.81381697
 -3.99   0.56436718
 -3.05   3.05533797
 -2.45   0.06133344
 -0.98   4.65650329
 -0.16   3.26719938
 -2.46  -2.28840427
 -0.84   2.21225503
 -1.95   0.26908699
 -0.80   0.64632053
 -2.16   0.60487312
 -1.43   3.28194228
 -1.48   2.95415991
 -4.01  -0.98243779
 -2.48  -0.16473843
 -3.65  -1.50500105
 -1.55  -2.42308685
 -3.63  -3.24037502
 -2.53   1.86632103
 -2.32   1.32391385
 -0.54   3.48237421
 -3.52   0.59789999
 -2.84  -2.39392580
 -0.21   3.11446058
 -1.27   2.06316795
 -3.83  -1.27670592
 -3.62   0.42605500
 -3.53  -1.18822977
 -3.79   0.80466733
 -1.81   0.38138736
 -2.76   2.49905129
 -3.18   1.67955877
 -1.05   1.94942709
  1.21   3.77471112
 -3.93   1.04761270
 -1.07   1.80270226
 -1.06   1.99076362
 -1.19   2.35051843
 -2.70  -2.83232043
 -0.89   0.72721826
  2.47   2.07675100
  1.92   2.34931145
 -1.56   0.95597990
  0.11   4.32679281
 -2.04   1.29536795
 -3.03   1.80395527
 -2.32   2.79959613
 -3.64  -0.48023410
 -3.56  -0.44062274
 -1.23   1.63411257
  0.48   0.91337569
  0.52   1.81234234
  0.11  -1.05574675
 -3.34   0.08933031
  1.48   4.67325571
 -4.76  -0.54232313
 -0.79   0.73925459
 -3.16   2.47225639
 -2.15   2.48881756
 -0.66   0.43226821
 -2.57  -1.09465626
  3.14   4.31588468
 -1.22  -0.91116835
 -4.33   5.08914956
 -5.85   1.13822832
  1.30   0.36948482
 -5.54   0.07384237
 -2.38   0.76612194
 -1.98   3.22109112
 -1.52   2.59474351
 -0.80  -1.37834594
 -0.62  -0.03355797
 -2.04   2.04495528
 -3.38  -2.67189871
 -4.11  -2.18512128
 -3.93  -0.83120253
 -1.48   1.13545552
  1.10   4.83657485
 -2.95  -0.57844284
 -0.73   1.13844463
 -4.92   0.05258659
 -1.26   1.75548010
 -5.22  -2.42965166
 -3.92  -3.35457322
  2.62   5.34183722
 -1.14  -0.54951504
 -5.75   0.20631781
 -2.20   2.41767190
 -1.26   1.52179302
 -0.57   4.15435858
 -2.15  -0.28987952
 -2.46  -0.04572431
 -2.41   0.34848338
 -1.24   0.09581056
 -1.29   0.30032871
  2.24   3.12713571
 -4.71  -1.07929849
  0.49   2.49898079
 -1.25  -1.46419027
 -4.21  -1.67391202
 -1.81   1.95623837
 -1.28   2.29888334
 -1.42   1.93894074
 -5.92   0.07455223
 -2.26   2.18385919
 -2.74   2.16058619
 -3.32  -0.05369541
 -1.41   2.80947289
 -4.15  -0.29801487
 -2.32   1.46854290
 -1.21   0.83214028
  0.92   2.32063126
 -3.50   0.27435385
 -3.00  -0.29721703
 -1.40   1.96625725
  1.41   4.31648863
 -2.10   1.47462206
 -0.98   3.43559136
 -0.29  -1.00986146
 -2.88   1.55334157
 -0.01   0.91951016
 -3.92   3.12389605
 -1.53   3.89759295
 -2.95  -0.66625032
 -4.53   2.02716446
 -1.84   2.48646930
 -0.31   0.09342148
 -2.44   3.27403704
 -1.05   1.82164189
 -2.89   1.43220068
 -2.84   1.16911211
  0.48   0.68495518
 -3.65  -0.34151905
 -1.35   1.59772859
 -1.73   0.56871018
 -0.58   0.97300801
 -5.00   0.62397503
 -4.71  -2.22231849
  1.59   5.37985309
 -4.22   1.43107245
 -1.72   1.28421351
 -2.76  -0.23900631
  1.56   2.91979671
 -4.49   1.45585774
 -4.49   0.19803049
 -3.98  -0.11286008
  0.09   0.01780336
 -2.60   0.69438258
  0.92   4.88913127
 -1.63   1.33226807
  0.38   0.15969473
 -1.65   1.85435914
 -3.97  -0.61249669
 -1.53  -2.30243915
 -2.50  -1.36517241
 -0.18   1.63922422
  0.44   2.53344431
 -5.47  -0.98900531
 -2.12   3.48785143
 -4.66  -2.33088997
 -2.48   1.82861453
 -4.90  -0.28687159
 -3.74  -0.46753900
 -5.17  -1.57694961
 -1.42   2.31720143
 -1.38  -0.69919276
  0.35   2.03193086
 -4.14   4.13650580
 -0.91   2.25410724
 -2.15   0.10877964
 -1.87  -0.13871025
 -0.82  -0.03678696
  1.53   3.75897960
 -0.46  -0.12425877
 -0.15   0.70075566
 -1.63   1.45893516
 -1.45   0.75225462
 -2.77   2.37873596
 -6.69  -3.16919331
 -1.06   3.83385228
  0.24   1.01719643
 -0.39  -3.16954148
 -0.86   1.55763014
 -1.28   3.93207365
 -0.68   1.57107732
 -0.09   2.32149337
 -5.24  -1.13163104
  0.71   1.83772615
 -1.23   1.78107202
 -1.43   1.55485981
 -1.11   2.14671095
 -1.99   2.54868799
 -4.12  -3.09424871
 -3.40   0.39278148
  0.14   1.91262783
 -2.37   4.24164935
  0.30   0.91080303
 -2.63   2.92932573
 -0.43   2.32152455
 -3.96  -5.31656076
 -1.62   0.94091511
 -4.07  -0.07801458
 -1.89   1.08617341
 -3.53   2.13683111
 -0.08   3.72748163
 -3.89  -2.11967241
 -1.64   2.82191660
  0.76   2.42261252
 -4.56   0.38601410
 -3.69  -0.14686611
 -1.37  -1.54468315
  0.25   2.55737463
  1.58  -0.97738436
  0.13  -0.85436586
 -4.76  -0.34911860
 -1.43  -0.70509662
 -0.42   1.90073527
  0.87   4.26633874
 -0.26   4.42196379
 -0.14   1.16787456
  0.63   3.24548470
 -3.82  -0.24634558
 -1.87   0.78484478
 -1.56   1.80601680
 -2.56   1.43650811
 -2.05  -1.05369218
 -5.74  -1.24952143
 -3.09   5.48506020
 -2.09   1.88236949
 -4.65  -0.06460614
 -1.98   1.34978567
 -1.86   1.90439575
 -1.12   4.50359309
 -1.13   2.51401740
 -4.35  -0.65996050
  0.67   3.66145689
 -4.47   0.90691685
 -2.20   1.90054556
 -1.86   2.06639581
 -2.68  -0.21789370
 -3.16  -0.07225218
  0.02   5.46478103
 -1.73   4.89759329
 -6.09  -1.38844767
  2.28   0.31404783
  0.76   1.29688319
 -2.09   1.86360782
 -1.24   1.57282571
 -1.47   0.18705372
 -3.95   0.38185615
  1.36   2.96783616
 -6.15  -2.21081791
 -2.24  -0.09002555
 -4.32  -0.54277789
 -3.73   2.47839472
  1.62   3.29700539
 -2.19   0.11569500
 -3.28   2.50568359
 -2.14   0.19973727
 -0.85   2.45900491
 -0.34  -0.30112309
 -2.83  -0.58261567
 -2.38   0.21497683
  0.17   2.58496339
 -0.64   3.60245077
  2.20   1.19053409
 -1.93   0.23511985
 -3.53  -1.00015882
  0.89   3.87726306
 -5.10   0.80366748
  0.68  -1.70906465
 -0.36   1.84444072
 -1.89   0.43653471
  0.80  -0.69210674
 -0.47   4.98267321
 -4.42  -2.78961927
 -2.27  -2.54891223
 -1.08  -0.43253349
  1.48   1.69315332
 -2.89  -1.45454829
 -2.32   3.15416149
 -1.98   1.56691040
 -2.32   2.57288980
 -3.45  -0.59704055
 -3.79   1.52581421
 -4.69   2.36347200
 -5.12  -3.84740636
 -0.80   3.57553955
 -4.56  -1.09332283
 -0.02   1.92280860
  4.04   3.88696099
 -4.60  -1.62758501
 -3.58  -0.76796918
 -0.63   0.06519576
 -0.44   1.42213655
 -2.75   0.57921092
 -4.08   0.09396515
  0.46   0.32108949
  0.13   2.44892127
 -1.78   3.24947249
 -0.86   1.24323881
 -0.56   0.40132920
 -3.03   1.18923848
 -2.89  -1.12008608
  1.19   5.73773476
 -1.63   0.23165850
 -0.79   0.81197781
 -0.49   2.86914304
 -3.54  -0.92265174
 -1.96   0.22363494
 -4.90  -1.08831796
 -4.38   0.29594780
  0.00   2.74232052
 -1.81  -0.33433363
 -0.70   5.17323854
 -1.95   2.97497005
 -1.35  -0.59903073
  0.96   2.11105599
 -0.23   1.94793266
  0.44   4.22833665
  1.47   2.60574995
 -3.32   2.01328477
 -2.68   3.99238783
 -1.21   1.19361772
 -1.53   0.08130812
 -3.53   1.21941686
 -4.82   1.58330960
 -2.06   3.08092699
 -3.98   0.15143452
 -1.75   4.41657070
 -2.99  -2.05441057
 -3.08   0.40559438
 -3.05   2.62569846
 -2.08   2.19320893
 -2.16   1.01281330
 -4.40   2.61166386
  1.02   2.80199949
 -3.73  -0.90352394
 -3.11   1.26600469
 -0.10   2.78377245
 -5.37   1.86479819
 -4.18   0.57625822
  0.45   1.75539100
  0.66   0.20858534
 -5.99   0.17414730
 -0.20   0.21249949
 -1.81   1.59567454
 -2.79   0.64776161
 -2.23   1.05970497
  0.44  -0.26580150
 -0.89   3.43298587
 -0.91   2.62295918
  0.79   4.56138233
 -3.32   0.07707726
  1.51   1.73756491
 -3.46   1.90740881
 -7.66  -2.03074398
 -2.19  -0.04924069
 -0.46   0.67077177
 -2.10   1.53705037
 -7.73  -1.69743965
  0.75   1.52277593
 -1.30  -0.14705967
 -4.14   2.99446866
 -4.58   1.36589014
  0.79   3.02221182
 -2.43  -0.24163257
 -5.27   0.57980663
 -1.75   1.43355191
 -4.40   1.06555973
 -3.03  -1.35870689
 -1.60   3.28726655
 -0.34   1.05676094
 -4.00   1.18737384
 -3.33  -3.29946513
 -2.40   0.05749630
 -3.70  -1.36740547
 -3.42   2.00979648
 -1.86  -2.31046730
 -1.06   4.16252514
 -3.08  -0.91625508
 -0.21   0.64968276
 -0.75  -0.07284276
 -2.21   2.78570834
 -1.74   0.91608679
 -1.59   0.71794751
 -2.61   1.33349052
 -4.40   1.45032602
 -2.56   0.20744805
 -3.47  -1.08830423
 -1.84  -0.80557743
 -3.68   1.21729700
 -3.73  -1.53087590
 -2.65  -0.66932080
 -3.43  -0.25873492
 -1.29  -1.34425366
 -7.29   0.18458636
  1.24   3.47825793
 -3.19  -3.43784004
 -2.01   0.63084035
 -3.42  -0.72696835
 -2.61   3.05723980
 -0.43   1.95813020
 -1.01  -1.44696256
 -1.75   1.83063743
 -1.93   1.06113004
 -1.66  -0.60964355
 -5.13   0.24454685
 -1.46   0.64367743
 -2.43   1.43593195
 -3.02   2.69977602
 -0.42   2.76152831
 -2.19  -0.93660753
 -1.76   1.70459867
 -0.28   0.76254987
 -3.09   0.28690763
 -3.02   4.82589113
 -1.32   0.03144410
 -1.77  -0.93099392
 -3.85   0.21400217
 -3.09  -2.98819176
 -2.35   0.63042330
  0.97   1.20841510
 -2.87   2.95265430
 -3.57  -0.63173482
 -1.24   2.77188854
 -2.60   0.45435740
  0.18   0.91247512
 -2.96   2.99847659
 -2.26   0.69767355
 -1.52  -3.37845393
 -1.14   3.29176922
 -0.65   3.70912563
 -0.04   2.86732918
 -0.97   2.37556568
 -1.87   2.25746576
 -5.18   1.27891873
 -1.18   1.33311919
 -1.76  -0.38129953
 -3.48  -1.87031163
 -3.20   0.94384865
 -2.33   0.32246284
 -2.87   1.77457840
  1.75   3.28776579
  0.66   0.88914990
 -1.10  -1.58822326
 -2.91   2.28102496
 -3.82   0.23802286
 -0.79   0.10495498
 -4.47  -0.80721386
 -1.61   0.02041696
  0.77   2.19387288
 -1.91  -0.01751747
 -2.91   2.46033665
 -1.37   1.23718123
 -2.45   0.17252034
 -2.16   0.99557669
 -2.19  -0.07580493
 -3.10   2.45453721
 -1.56   0.76267499
 -2.89  -1.50396594
 -0.51   4.22288466
 -1.72   3.01076135
 -4.16   2.66399187
 -3.55  -1.10344939
 -3.77   2.28405827
 -1.11   1.82044791
  0.39   3.04435872
 -0.25   2.05854588
 -1.62   0.04385315
 -0.35   0.39941060
 -4.53  -3.40140809
 -0.95   1.99301440
 -1.56   0.49513081
 -4.92  -1.07667656
 -3.27   0.66814659
 -0.53  -1.14766565
 -1.55  -1.36409894
 -2.62   1.04551060
 -3.79  -0.71291185
 -4.73  -1.50101728
 -2.41   1.11191381
 -2.67   0.42830903
 -1.33  -3.34971875
 -0.64   1.19593310
 -1.69   5.37553036
 -3.25   2.14304013
  0.98   1.93227293
  0.71   2.26291169
 -2.93   3.80548212
 -1.15   0.26586803
 -2.42   0.02832603
 -1.19   1.00185534
 -5.48  -2.66790674
  0.26   3.61989730
 -2.72  -0.20378941
 -0.00   3.28508798
 -3.06   1.07925894
 -1.26  -1.00089134
 -2.48   0.08340767
 -2.94   0.65382477
 -0.68   1.99743795
 -1.82  -0.59787741
 -2.10   1.06323930
 -0.71   3.89824688
 -2.74   6.34300076
 -0.87   1.48976451
  0.93   2.24149215
 -0.74  -0.08818546
 -2.73   0.41351803
 -1.08   4.05400617
  0.91  -1.35536487
 -3.81  -1.14032612
 -6.30   1.00698783
  0.43   2.46914593
 -4.08   0.15015788
  2.84   5.89302070
 -3.00   0.74471572
 -2.15  -0.14130948
  0.06   3.37335836
 -3.47  -1.25713157
 -4.93  -0.95149753
 -3.05  -0.24234931
 -3.64   3.54554692
 -0.78   0.41664285
 -1.29  -0.22598798
  1.48   0.99521711
 -3.31   0.83954798
 -1.06   1.35283796
 -4.78   0.97364751
 -2.49  -0.51579545
 -2.37   2.31268959
 -2.59  -0.33795383
 -3.25   2.32621161
 -1.16   1.00211717
 -4.21   2.67752245
 -3.42   0.07537663
 -2.52  -0.15878983
  0.34   1.29810186
 -0.72   1.69213238
 -2.47   3.14048746
 -1.20   1.59244986
 -1.81   1.06218983
 -2.83   2.24206270
 -2.39  -1.35669993
 -3.28   3.30361351
 -3.36  -0.84246661
 -1.80   0.43130653
 -1.59   3.04520241
 -2.86   0.86480749
 -2.44   0.30259475
 -3.20  -0.49548752
 -0.59   1.23465280
 -3.03   0.80691982
 -1.58   0.11129991
 -4.15  -1.67197705
 -5.23  -3.38259944
 -1.14   3.45722349
 -0.68   3.16115632
 -1.53   1.68902281
 -2.26   0.84918130
 -0.11  -0.23639880
 -4.49  -1.33289757
 -1.91  -0.76492683
 -5.36  -0.19258375
 -2.63   1.33013086
 -1.40  -0.79110612
 -4.03   1.74234931
 -5.58   0.97812544
 -3.49   1.19679141
 -1.68  -0.84871848
 -4.89  -0.98175570
 -2.19   2.17642902
 -1.17   2.29129658
 -3.87   0.37074126
 -2.16   0.06625218
  2.67   4.08585551
  1.07   3.70809496
 -0.08   2.87315143
 -3.28   0.01641199
 -1.75   2.10399219
 -4.95  -0.66737294
 -3.16   0.30193735
 -1.44   2.17718588
 -4.21   0.74905689
 -1.94  -0.45467987
 -1.78   1.14595349
 -4.07  -0.12702335
 -5.64  -0.58926377
 -3.03   0.68058965
 -2.76   3.10975902
 -2.90   0.93562660
  1.97   3.74181230
 -3.68  -0.67846878
 -4.79  -1.42260919
 -6.03   2.16706377
 -2.69   0.05860043
 -0.53   1.43174470
 -4.29   1.33575335
 -1.91   0.15362477
  1.49   2.93064116
 -2.73  -2.29225964
 -1.55  -1.44992336
 -0.85   5.57041176
 -2.37   1.11964898
  1.51   0.36553471
 -5.02  -0.91594327
 -1.97   3.11850984
 -5.58   1.41276216
  0.26   4.97201095
  0.18   4.04872680
 -2.70   1.25485346
 -1.98   0.35965220
 -1.23   4.34826016
  0.12   1.19076897
 -4.34  -0.56011618
 -2.41   0.07143829
 -0.82   3.62254559
 -1.37   2.71211968
  0.91  -0.91334442
 -4.67   0.71366105
 -2.74   1.14661990
 -3.05   0.84876173
 -0.45   2.77544738
  2.83   0.53550953
 -3.77   1.40240778
 -2.38   2.80568523
 -3.21   0.37982228
 -2.63  -1.49501367
  0.81   0.97511883
 -0.47   0.34392824
 -1.99   1.21806729
 -1.96  -0.48660122
 -4.06  -1.02724843
  1.45   2.33512229
 -0.06   0.86221902
 -2.84   2.53712975
 -0.40   2.52709701
