 -2.52  -0.89713157
 -2.78  -1.98037853
 -1.82  -2.00838892
 -1.47  -2.55690454
 -1.66  -2.53088485
 -2.35  -3.05817366
 -0.87  -1.44104768
  1.30  -5.08942503
 -1.57  -2.98785497
  0.19  -1.26888991
 -1.83  -2.36914025
 -1.31  -2.23972148
 -2.08  -2.52101604
 -2.51  -2.70921907
 -3.04  -3.32977911
 -0.44  -1.71024403
 -0.73  -2.19858240
 -2.31  -1.27881962
 -1.81  -3.09036866
 -2.05  -1.35152881
 -2.02  -1.48110249
 -3.54  -4.03749068
 -1.57  -1.24003607
 -3.24  -2.07629463
 -3.16  -2.97320430
  0.11  -1.83794665
 -4.34  -2.53202920
 -3.47  -0.85216093
 -4.34  -4.10118159
 -0.89  -1.66320321
 -3.70  -1.55859354
 -1.70  -2.77744526
 -3.14  -1.31112220
 -1.92  -0.36091830
 -1.82  -1.55569286
 -1.36  -0.76906664
 -3.47  -3.38444373
 -1.64  -3.99653843
 -1.53  -2.55183149
 -3.91  -2.62284406
 -1.56  -1.83720756
 -1.30  -1.90160113
 -0.63  -0.86574731
 -0.92  -1.08562178
 -0.57  -1.53348319
 -3.02  -1.99195017
 -2.71  -2.32296910
 -1.91  -2.69692980
 -2.60  -1.33450119
 -1.36  -2.81305664
 -1.58  -2.05075452
 -2.67  -0.95984318
 -0.26  -0.26541808
 -2.44  -1.66749858
 -2.47  -0.38406070
 -3.01   0.02792495
 -1.52  -2.73803140
 -2.53  -2.41729976
 -1.57  -0.02997995
 -2.64  -3.25432608
 -2.36  -1.73478813
 -2.81  -1.58615454
 -1.45  -0.11854726
 -1.33  -2.41611502
 -2.49  -1.85507294
 -2.33  -4.49141574
 -1.21  -1.45758246
 -2.77  -1.47507980
 -2.91   0.05139546
  1.39  -0.19745186
 -1.54  -0.59749476
 -0.88  -3.93996018
 -2.46  -0.65101927
 -2.80  -2.06872728
 -0.20  -2.40240167
 -2.95  -1.19755845
 -1.54  -1.76190487
 -2.11  -3.52631723
 -0.68   0.35903774
 -1.00  -3.81933615
 -0.90  -2.24013094
 -1.07  -0.42166809
 -0.39  -0.21875372
 -2.23  -2.03961614
 -4.55  -2.06261087
 -3.36  -2.41946920
 -2.08  -0.02125646
 -1.26  -0.89887806
 -2.09  -2.48221280
 -1.75  -1.12942090
 -2.55  -1.98888062
 -1.26  -1.30129718
  0.59  -0.99001274
 -0.88  -1.71032477
 -0.59  -1.62200572
 -2.74  -2.00760491
 -2.64  -2.80863034
 -2.52  -0.46497448
 -1.41   0.37624935
 -2.08  -3.60050607
 -1.08  -0.15058747
  0.80   0.03616593
 -4.15  -4.23269233
 -0.93  -0.31752614
 -2.63  -2.76642843
 -1.89  -0.93424072
 -1.92  -1.22478380
 -1.02  -1.54100722
 -3.03  -1.78790030
 -1.42   1.62513063
 -2.79  -0.53581200
  0.05  -1.34653021
 -2.32  -1.52773603
 -1.47  -2.07777821
 -1.87  -1.69830512
 -1.64  -0.49353888
 -1.74  -0.61444015
 -3.91  -3.03008612
 -1.64  -1.28949183
 -0.12  -1.13735634
 -2.51  -1.95449597
 -2.32  -1.12131598
 -1.76  -1.61908638
 -4.32  -4.40173029
  0.02  -1.57336170
 -1.90  -2.62295559
  1.33  -0.86698787
 -2.21  -4.20190133
 -1.64  -1.25959635
 -1.56  -0.89872300
 -0.76  -0.79072776
 -2.57  -2.00381133
 -1.81  -2.11444137
 -2.57  -3.06638920
 -3.01  -3.49790437
 -1.98  -2.55352646
 -2.00  -0.53528350
 -2.87  -3.42022583
 -0.79  -0.79753515
 -1.82  -1.20739207
 -2.75  -1.99499424
 -1.73  -2.71757732
 -1.83  -0.78623539
 -1.79  -3.06894641
 -1.52  -3.01056805
 -2.24  -1.43624715
 -1.91  -2.59808722
 -1.97  -1.42834883
 -4.00  -1.70517499
 -1.29  -1.81687057
 -2.73  -2.79980666
 -3.24  -2.95583741
 -3.22  -3.10895428
 -1.64  -1.87238273
 -3.63  -3.08604528
 -2.72  -2.90431634
 -4.44  -4.37266598
 -0.99  -2.10600945
 -0.83  -3.22056899
 -4.11  -2.66494492
 -2.07  -1.76183401
 -1.74  -2.23551713
 -2.93  -1.29398633
 -0.66   0.09923175
 -0.98  -1.01285181
 -4.56  -3.11492016
 -1.20  -1.00815699
 -2.15  -1.04846159
  0.05  -0.81069908
 -0.01   0.02569309
 -1.73  -2.54347022
 -1.29  -0.75708748
 -2.04  -2.53310630
 -1.14  -1.60152208
 -2.58  -2.01192226
 -2.31  -1.77701097
 -2.52  -3.82382246
 -1.48  -1.52282300
 -2.36  -2.09764006
 -2.10  -3.04800677
 -4.75  -1.03752056
 -0.60  -0.40789590
 -1.12  -2.33355721
  1.80  -0.96121473
 -4.34  -4.48705636
 -1.76  -2.02172385
 -0.79  -1.01922921
 -2.64  -1.86037303
 -2.61  -2.03171980
 -1.58  -1.68817942
 -0.84  -2.37180757
  1.12   1.79225604
 -2.02  -2.37154254
 -1.04  -0.24866536
 -2.48  -2.98871149
  0.17  -1.76762675
 -0.78  -2.17013371
 -0.18  -2.60369433
 -2.49  -1.91929259
 -4.26  -2.48595709
  0.04  -1.16108783
 -3.22  -3.69798260
 -2.49  -0.34839960
 -2.08  -0.34073505
 -1.17  -3.44105804
 -2.34  -3.39206283
 -2.86  -2.00434401
 -2.24  -3.10306269
 -2.00  -1.47984403
 -3.48  -1.51655877
 -3.75  -4.27764527
 -2.95  -3.45879259
 -3.51  -4.09291784
 -2.30  -1.95127512
  0.84  -2.04502712
 -2.79  -1.68456844
 -1.13  -2.01340519
 -1.21  -4.77669793
 -4.10  -1.31141235
 -1.27  -3.16310496
 -1.34  -2.08561654
 -2.03  -3.32141066
 -1.47  -2.41409573
 -1.85  -2.52617219
 -1.16  -1.60294715
 -2.31  -2.31788652
 -2.04  -3.75424067
 -3.42  -2.22655252
 -3.75  -1.49571169
 -0.68  -2.79378057
 -0.60  -1.61029906
 -2.30  -2.30031820
 -1.33  -1.21776168
  0.22  -1.53248856
 -0.34   1.28333760
 -3.63  -3.35432798
 -2.25  -6.00929151
 -1.75  -1.86085192
 -4.08  -2.35791046
 -2.19  -1.82807800
 -1.88  -0.32287768
 -1.36  -2.26720388
 -4.13  -2.11733822
  0.08  -1.87889141
 -0.86  -0.58815139
 -1.11  -2.91718192
 -1.99  -1.33503518
 -0.60  -1.09957792
 -2.67  -0.49978240
 -2.20  -0.84848585
 -3.55  -3.44498690
 -2.26  -1.74286661
 -1.79  -1.35025965
 -2.77  -2.39988361
 -3.66  -2.94717958
 -3.14  -0.71771719
 -3.84  -1.67753485
 -0.86   0.31170918
 -0.39  -1.04441072
 -2.98  -1.37251205
 -0.46  -1.78305810
 -1.28  -1.05175571
 -0.56  -2.95811539
 -0.91  -1.08282797
 -3.11  -3.70761803
 -3.26  -0.95489134
 -2.31  -3.83961130
 -0.77  -1.54556027
 -1.64  -3.10160830
 -2.00  -1.38156568
 -0.28  -2.47091375
 -3.48  -4.29159839
 -1.65  -2.18257592
 -4.53  -3.04038633
 -3.13  -2.79354713
 -1.32  -1.47311121
 -2.76  -0.63575730
 -3.50  -1.76846384
 -2.47  -1.98265105
  0.03  -1.37350024
  1.31  -0.18543737
 -1.36  -2.71096933
 -1.69  -2.37777825
  0.45  -2.05511014
 -0.95  -2.23574108
 -2.18  -2.95741111
 -2.26  -2.24731887
 -3.79  -1.44721340
 -1.69  -2.40363994
 -1.92  -0.65422847
 -1.50  -0.41614482
 -2.43  -3.32434814
 -2.40  -2.63857770
 -1.63  -1.01761400
 -2.20  -3.32916122
 -4.08  -3.95239175
 -1.95  -3.23048993
 -2.08  -2.40608803
 -1.45  -1.31331278
 -1.60  -1.48063269
 -2.41   0.29162914
 -2.05  -2.50154637
 -3.97  -1.78665703
 -1.13  -2.14758685
 -2.76  -2.58959195
 -0.97  -1.10030331
 -1.01  -1.97988912
 -1.43   0.40771445
 -4.05  -2.09014608
 -2.27  -3.36993269
 -1.84  -1.52796998
 -1.11  -1.41202752
  0.62   0.76069599
 -1.78  -3.23474113
 -3.63  -3.66651532
 -3.15  -2.97174688
 -3.64  -2.83991631
 -2.71  -2.16105563
 -2.13  -2.08433433
 -1.66  -3.00491345
 -1.63  -4.02778175
 -0.20  -0.23501629
 -1.17  -3.04115744
  0.04  -0.52191947
 -2.46  -1.11827163
 -1.79  -1.93762477
 -1.11   0.40994247
 -1.87  -1.67585176
 -1.81  -0.26256189
 -2.64  -0.89469219
 -3.73  -1.60153048
 -3.66  -3.96015184
  0.37  -2.68779984
 -0.87  -0.65174212
 -1.21  -3.73312555
 -2.87  -0.51179040
 -0.86  -3.42246979
 -2.22   0.77413222
 -3.71  -3.05265191
 -1.37  -2.58232688
 -2.32  -2.48203381
 -2.66  -0.93977376
 -1.86  -1.14013912
 -0.90  -2.74440153
 -1.06  -2.82603564
 -2.87  -2.15165771
 -1.79  -3.83835291
 -4.57  -2.46289218
 -2.30  -2.62718509
 -1.23  -1.74598901
 -1.41  -1.90734020
 -1.80  -1.04541346
 -0.94  -1.37916773
 -1.26  -1.33782605
 -1.26  -2.36738372
 -2.76  -2.20850382
 -2.76  -1.58204017
 -3.50  -2.89536008
 -3.99  -3.56131632
 -1.98  -2.54990398
 -1.45  -0.29103258
 -2.65  -2.29968645
  0.04  -1.81464186
 -2.43  -1.36899425
 -1.39  -1.92923132
 -2.15  -1.78592092
 -1.74   0.08341258
 -4.00  -0.20865091
 -0.21  -0.48356498
 -3.74  -1.16806052
 -0.45  -0.02003749
 -0.17  -2.02602184
 -2.62  -1.15480855
 -0.40  -1.50160715
 -1.63  -2.31612188
 -1.53  -1.81115779
 -0.95  -0.20526201
 -2.07  -2.17296147
 -3.81  -1.48697203
 -2.02  -3.45807625
 -2.23  -1.99583148
 -3.21  -1.19814554
 -1.65  -1.16025747
 -1.41  -2.34271350
 -1.98  -2.30057617
  0.15  -1.37707000
 -2.45  -1.94853152
 -3.10  -2.76201608
 -1.25  -2.64981485
 -1.90  -2.47818455
 -1.54  -2.50785412
 -1.72  -4.03498305
 -3.60  -3.79079031
 -1.79  -1.65612156
 -3.61  -3.08044666
 -2.13  -0.37041308
 -1.72  -1.83745943
  0.00   0.52945257
 -0.04  -0.95731968
 -3.39  -2.42107134
 -1.64  -0.55006325
 -1.13  -2.16459508
 -1.15  -1.43156588
 -1.00  -2.23163935
 -1.05  -3.78962755
 -3.21  -2.91861131
 -3.16  -1.24454475
 -0.92  -1.49532067
 -2.61  -1.62474654
 -1.17  -2.97290811
 -2.25  -1.08574915
 -0.54  -2.41074575
 -2.04  -0.30220583
 -2.37  -1.00396575
 -2.75  -1.27268616
 -3.42  -2.23978085
 -3.01  -1.15282604
 -4.39  -3.66231582
 -0.91   1.18832118
 -2.03  -3.82292347
 -2.64   1.55194397
 -1.10  -1.55086666
 -1.38  -1.57053106
 -0.60  -4.14404937
 -2.37  -0.72416368
 -2.05  -3.29876424
 -0.85   0.02381875
 -0.10  -0.08128914
 -0.39   0.77678970
 -2.33  -3.77214468
 -0.60  -4.17831701
 -3.47  -1.02167895
 -1.58  -1.45260042
 -3.26  -4.05560622
 -2.97  -3.24502613
 -2.41  -1.84808544
 -1.39  -1.24749549
 -1.97  -0.81546049
 -1.73  -0.92303260
  0.65  -1.18877732
 -1.47  -3.39945722
 -4.44  -4.38163193
 -1.29  -1.55944640
 -2.31  -4.16443461
 -1.96  -1.96752655
 -1.26  -1.56362788
 -1.64   0.05089406
 -2.36  -3.11123643
 -3.23  -1.79514706
 -2.42  -2.17598054
 -3.62  -2.27779079
 -1.23  -2.72685274
 -1.88  -2.09816956
 -1.44  -2.39167829
 -1.53  -4.19580801
 -2.87  -1.42357627
 -2.00  -2.37960293
 -1.86  -2.97324896
 -4.14  -2.62010280
 -1.85   0.19084682
 -4.12  -0.38253802
 -2.86  -3.67181802
 -1.39  -2.26728180
 -2.69  -1.30802341
 -1.83  -2.72236016
 -1.73  -1.64680760
 -3.97  -1.92020220
 -2.32  -0.69147364
 -2.56  -2.54028795
 -1.94   1.06004961
  0.07   0.41103719
 -0.46  -0.76046582
 -3.49  -2.70290494
 -4.74  -2.44524728
 -2.42  -1.70139097
 -1.76  -2.75205646
 -0.76  -2.47176556
 -3.23  -2.22190603
 -1.33  -1.77080835
 -1.16  -2.04781390
 -2.47  -3.88870012
 -0.32  -2.00600933
  1.03  -1.58344416
 -0.42  -0.86683283
 -1.05  -1.27266560
 -2.75  -1.07351951
 -4.27  -4.75059240
 -2.85  -2.81390035
 -1.34  -1.25605314
 -3.82  -2.73128759
 -3.83  -2.67019952
 -0.98  -1.27366749
 -2.58  -2.51537610
 -2.66  -1.02251424
 -1.58  -2.49356851
 -1.24  -3.74405129
 -2.41  -0.95633567
 -2.10  -1.03044963
 -0.95  -0.73329058
 -4.07  -2.57802060
 -2.66  -2.20139755
 -1.11  -1.64806968
 -2.51  -2.36486759
 -0.37  -2.14048612
 -1.81  -3.30827521
 -1.85  -1.82473931
 -2.72  -2.97424667
 -2.02  -0.99963262
 -3.20  -3.33541300
 -2.36  -2.49040302
 -1.70  -2.62470677
 -3.51  -2.72702236
 -0.71  -2.28067947
 -3.39  -2.02426937
 -2.47  -0.76653841
 -1.77  -2.90498102
 -0.60  -2.43793430
 -1.62  -2.60486094
 -2.68  -2.84455968
 -2.01  -1.16996781
 -0.76  -1.56574232
 -3.98  -3.25684600
 -3.63  -3.32927027
 -0.92  -1.28793002
 -1.12  -1.97220580
 -2.76  -1.51535098
 -4.02  -2.78919664
 -0.97  -1.20285195
 -0.23  -0.25934964
 -3.05  -0.16924445
 -2.09  -2.45659333
 -2.56  -2.22201237
 -3.85  -3.25201645
 -1.22  -0.15862342
 -0.10  -2.26831106
 -1.17  -1.36502836
 -0.40  -1.28329015
 -1.65  -2.11817496
 -3.18  -3.12635394
 -2.62  -0.61287974
 -3.14  -4.17145452
 -1.55  -1.62130699
 -0.23  -2.49788788
 -3.01  -2.82467930
 -1.53  -2.97810081
 -1.46  -1.52913386
 -0.73  -2.03340883
 -1.29  -1.58460243
 -1.59  -1.36252068
 -2.30  -2.25184856
 -3.95  -3.92022426
 -2.35  -1.29567615
 -1.70  -1.66047896
 -2.06  -2.05683587
 -3.36  -3.80932276
 -2.18  -2.15201499
 -1.67  -1.73999474
 -1.05  -3.25469444
 -1.11  -2.42578813
 -1.64  -1.87988324
 -1.05  -1.03064843
 -1.38  -1.34561284
 -1.47  -0.31262957
 -1.95  -2.60164444
 -2.49  -1.54910456
 -1.98  -2.46752030
 -1.02  -1.24391261
 -1.30  -1.45684012
 -3.81  -2.35214253
 -0.87  -1.81517165
 -2.41  -1.42619174
 -2.59  -2.94105788
 -4.65  -2.52674735
 -2.82  -2.39654408
 -1.23  -0.70233839
 -3.79  -3.34987153
 -0.10  -0.64153993
 -0.72  -1.30903653
 -2.35  -2.31300821
 -1.55  -1.41523328
 -2.01  -2.45156479
 -1.96  -2.41349091
 -3.19  -4.73852272
 -1.21  -1.75920177
 -4.67  -2.88576772
 -2.98  -2.86612606
 -3.28  -2.89832730
 -2.99  -3.93849845
  0.07  -2.40021113
 -3.24  -2.65423438
 -0.03  -0.32591903
 -2.35   0.01631338
 -0.92  -2.80429560
 -3.79  -2.57549654
 -0.13  -2.92248146
 -1.16   0.15203640
 -0.80  -0.65499860
 -2.29  -0.55045868
 -3.12  -1.69333510
 -2.77  -3.11405855
 -0.94  -1.85787698
 -1.09  -3.05434238
 -3.42  -3.28728556
 -2.50  -2.54184085
 -1.75  -2.69712800
 -2.86  -1.38977792
 -2.82  -1.43485273
 -1.84  -2.93062686
 -3.36  -3.34266341
 -0.15   1.21576567
 -1.72  -1.93611703
 -2.94  -2.89672196
 -3.42  -2.82919023
 -0.99  -1.88130039
 -0.56  -2.21733387
 -2.75  -1.91923260
 -2.18  -1.17283903
 -3.17  -2.81319922
 -2.32  -3.18700921
 -3.67  -1.52368557
 -2.46  -0.66967081
 -3.31  -4.53533427
 -1.33  -2.51851783
 -2.20  -3.73296078
 -2.60  -4.16640656
 -3.25  -2.10145822
 -1.02   0.90276156
 -2.94  -3.40340519
 -4.41  -1.11421315
 -1.84  -0.68037404
 -2.08  -2.37265307
 -0.39  -3.63240397
 -1.79  -2.19028958
  0.20  -1.19761923
  0.30  -2.53959643
  0.58  -1.31873988
 -2.18  -1.50768762
 -1.65  -1.25376022
 -0.82  -2.59556836
 -0.71  -1.35867992
 -2.64  -1.90601198
 -2.91  -1.51185091
 -0.53  -1.11569732
 -3.93  -1.02802867
 -2.57  -3.33291704
 -1.94  -2.08007410
 -2.64  -2.44082639
 -0.71  -1.72403556
 -1.58  -1.34133882
 -0.78  -2.48587879
 -0.79  -2.92641321
 -3.83  -3.77376606
 -0.91  -1.83462112
 -2.50  -2.49339244
 -2.99  -2.69344187
 -3.58  -0.07233742
 -2.54  -1.21827373
 -2.65  -1.30054030
 -2.39  -1.09316274
 -2.06  -2.29530166
 -3.27  -1.73451921
 -1.94  -1.22971600
 -1.88  -3.22761101
 -2.12  -2.57123892
 -2.38  -1.97202388
 -2.30  -3.49420050
 -2.81  -3.56339814
 -2.09  -2.61942974
 -1.69   0.34726406
 -1.47  -0.35261929
 -3.28  -3.09243262
 -2.83  -4.74665955
 -1.10  -0.25483312
 -2.71  -2.88361535
 -2.14  -4.32136800
 -0.85  -1.38487266
 -3.32  -2.83231738
  0.06  -0.80412815
 -1.56  -2.11459269
 -1.52  -1.85231112
 -1.57  -0.20208398
 -1.92  -3.05995423
 -2.55   0.00350377
 -1.82  -2.13972357
 -3.07  -1.48229812
 -0.18  -1.09623959
 -1.69  -2.46061420
 -2.47  -1.36977370
 -0.01  -1.34407591
 -1.25  -3.14527289
 -2.21  -1.17152674
 -0.54  -0.04074318
 -4.11  -2.91626147
 -2.94  -2.44670433
 -2.00  -3.56538839
 -1.91  -4.05924318
 -1.88  -3.65680639
  0.40  -1.71352150
 -0.42  -0.74567359
 -4.17  -1.65652551
 -0.65  -1.22570260
 -0.52  -1.78047280
 -0.40  -0.84112508
 -2.88  -2.45653207
 -3.25  -3.23281247
 -2.27  -0.62381887
 -3.23  -2.42294484
 -4.15  -2.39192818
 -1.72  -1.93752833
 -2.46  -1.68970441
 -3.48  -2.26906912
 -1.27  -1.59791655
 -1.02  -2.38837780
 -3.35  -1.99722639
 -1.20  -3.08714159
 -3.11  -2.23387039
 -2.08  -2.27565486
 -2.09  -2.12275004
 -0.40  -0.60879187
 -2.54  -2.61051392
 -2.57  -2.77859169
 -4.96  -2.90750130
 -2.03  -1.08432065
 -3.09  -3.13249352
  1.20  -0.18946967
 -0.28  -0.94726375
  0.60  -1.03075988
 -4.63  -2.99731457
 -2.56  -2.40477167
 -1.81  -1.90548656
 -1.95  -2.41118925
 -2.87  -2.29686624
 -0.89  -0.63500214
 -2.56   1.18851279
 -3.17  -2.46247359
 -2.03  -3.69509359
 -2.27  -1.76998969
 -1.97  -2.16375353
 -2.22  -3.95691365
 -2.67  -1.21725416
 -3.43  -1.96299101
 -3.30  -5.05276742
 -1.27  -2.22728829
 -1.86  -2.08919582
 -3.22  -3.02971406
 -2.57  -2.44245051
 -1.44  -0.19936695
 -3.40  -1.92384643
 -2.01  -4.52956863
 -2.23  -2.51010584
 -2.11  -0.94925704
 -2.38  -2.76146993
 -2.11  -1.39445327
 -2.03  -2.48216229
 -3.08  -0.93740600
 -0.97  -2.74306925
 -0.92  -2.11745683
 -1.51  -1.88529196
 -1.67  -0.76453781
 -2.17  -0.49006547
 -2.12  -3.43083134
 -1.70  -0.98714145
  0.62  -2.76686081
 -1.41  -1.79749879
 -3.36  -2.44653004
 -1.70  -2.15811061
 -2.82  -0.47109270
 -1.92  -2.23325465
 -0.73  -1.80346518
 -1.51  -0.28397172
 -2.22  -3.45485689
 -0.44  -2.10134194
 -0.63   0.46990175
 -1.70  -1.12699144
 -0.13  -3.02933694
 -2.07  -2.45759550
 -2.78  -3.39596066
 -2.96  -3.16494358
 -3.19  -2.35614628
 -1.72  -3.30388904
 -1.25  -4.23493632
  0.31   0.31030331
 -1.65  -2.36499743
 -0.61  -0.57263244
 -2.92  -2.15190667
 -3.07  -2.76409696
 -3.44   0.18920115
 -2.27  -3.67002241
 -3.28  -1.81197352
 -0.47  -1.19350313
 -1.90  -1.44524402
 -1.47  -2.25993196
 -3.23  -3.29816967
 -0.60  -1.98250160
 -1.85  -2.56053842
 -0.65  -3.07159701
 -3.26  -1.40137738
 -1.83  -3.46141208
 -1.37  -1.64339614
 -3.44  -1.45532291
 -1.02  -2.21484028
 -4.56  -3.03393922
 -3.18  -0.81369588
 -2.11  -2.00044978
 -1.77  -1.60407762
 -0.95  -0.23245162
 -2.27   0.89076141
 -2.29  -2.48428835
 -2.09  -2.32360037
 -3.38  -3.69638374
 -2.96  -3.01881060
 -2.40  -4.39504696
 -2.97  -1.77691758
 -2.52  -2.52881699
 -2.81  -3.34818768
 -1.68  -2.43338063
 -1.03  -1.55934504
 -2.62  -3.01402698
 -0.70  -1.40670299
 -1.87  -0.12726161
 -0.50  -1.44065168
 -1.90  -1.30281113
 -2.74  -0.85434770
 -1.43  -4.37095594
 -2.51  -1.55016433
 -2.85  -3.33935056
 -0.45  -3.06055886
 -1.34  -3.09489865
 -2.07  -2.90256703
 -3.98  -2.61428229
 -2.57  -3.13568369
 -1.32  -0.04915447
 -2.95  -1.08483871
 -2.55  -0.65459024
 -3.09  -1.63474774
  0.33  -1.39489557
 -2.44  -3.72478900
 -3.30  -3.27748473
 -2.94  -1.09440888
 -0.68  -3.22254260
 -1.05  -2.10202852
 -1.81  -1.22559964
 -1.42  -2.26207650
 -1.81  -1.35280101
  0.62   0.06586774
 -0.58   0.27259981
 -1.96  -2.17087115
 -3.47  -4.51330654
 -1.95  -2.42065977
 -2.77  -2.77259473
 -3.20  -2.30639566
 -1.91  -1.62985165
 -2.51  -2.29854135
 -1.61  -1.68273619
 -1.97  -1.54236049
 -3.00  -0.96552361
 -0.94  -0.52863135
 -0.48  -2.18942231
 -1.17  -2.30362392
 -2.70  -1.94681120
 -0.59  -0.37209231
 -1.35  -1.49267143
 -1.77  -0.50002806
 -3.65  -3.08771900
 -0.69  -0.05630966
 -3.54  -1.65257854
 -2.78  -3.68287228
 -3.22  -2.22332848
 -1.01  -0.63318482
 -4.47  -2.06438072
 -0.78   0.27260059
  0.09  -0.57811817
 -1.83  -1.29463167
 -3.69  -4.74117072
 -2.74  -3.32052782
 -2.44  -3.14819175
 -1.86  -2.04941182
 -3.23  -5.59633594
 -0.91  -0.91999252
 -1.03  -0.69168000
 -2.23  -1.79789218
 -1.16  -3.10520996
 -1.73  -2.30361895
 -1.81  -1.35434066
 -2.66  -1.48990330
 -2.20  -0.62054455
 -1.71  -2.67794441
 -1.70  -1.24135892
 -1.51  -1.33845578
 -2.13  -2.23159581
 -3.36  -2.11760429
 -1.58  -2.04133439
 -0.71  -0.37867984
  0.52  -0.22542671
 -1.47  -1.95003670
 -3.83  -0.70812771
 -1.25  -3.16513069
 -2.01  -3.17320292
 -2.63  -3.26115944
 -2.04  -1.06418717
 -0.44  -1.95272936
 -3.10  -2.20255771
 -3.07  -4.11692955
  0.04  -0.27101208
 -0.05  -1.35048831
 -3.52  -1.58890161
 -0.99  -3.68665677
 -2.16  -2.06986962
 -3.28  -2.14004983
 -1.80  -2.62452348
 -2.02  -4.03956697
 -3.11  -2.59790656
 -2.50  -3.28036118
 -1.24  -3.62399345
 -1.95  -2.29266906
 -4.07  -2.14819245
 -1.44  -1.45491822
 -1.50   0.64890043
 -2.17  -1.84334399
 -0.96  -0.14604852
 -1.02  -0.51131661
 -3.01  -2.58113653
 -3.80  -3.52469099
 -2.22  -4.13416204
 -0.34  -2.18155340
 -0.80  -1.04076598
 -0.97  -1.31500862
 -2.06  -3.89985031
 -3.09  -2.23672635
  0.06  -1.03979891
 -0.36  -1.28728515
 -2.98  -2.91970112
 -3.75  -4.29351781
 -1.66  -4.71434433
 -0.01   1.20433443
 -1.43  -0.36873508
 -0.42  -2.82461842
  1.00  -0.19402590
 -1.75   0.09164663
 -3.46  -1.90211389
 -1.43  -0.34253937
 -0.34  -2.32879556
 -1.90  -2.73157840
 -0.71  -0.67399338
 -2.28  -1.94361261
 -1.63  -3.07738910
 -2.53  -0.96685670
 -1.89  -1.41543049
 -3.16  -2.66375350
 -3.30  -1.92479558
 -2.19  -1.04493033
 -2.85  -2.15002004
 -1.68  -2.94401514
 -2.17  -1.31013889
 -1.03   0.22892012
 -2.00  -1.74907969
 -3.90  -3.32488357
  0.28  -2.59006568
 -0.35  -1.94097447
 -2.66  -1.81807465
 -1.07  -1.63284724
 -1.16  -2.38306888
 -2.30  -2.15105640
 -2.41  -2.72622544
 -1.69  -3.45036507
 -2.03  -1.67812013
 -2.18  -1.99763666
 -1.02  -2.95853995
 -4.48  -3.92483746
 -0.88  -1.78516538
 -1.29  -2.32104288
 -2.33  -3.21209955
 -0.60   0.54024238
 -0.21  -2.50184497
 -0.30  -0.40917512
 -2.21  -1.66615821
 -1.55  -3.09409043
 -2.00  -1.14831929
 -2.71  -2.30130431
 -2.11  -0.96152854
  0.21   1.50904889
 -2.06  -2.94961591
 -3.35  -1.90357580
 -2.45  -1.60516345
 -2.04  -2.43568365
 -1.63   0.08167251
 -2.11  -1.76044787
 -2.71  -2.48179391
 -0.60  -0.72158402
 -0.64  -0.60205388
 -2.60  -1.14498753
 -3.97  -3.21924343
 -2.91  -1.52047073
  0.06  -3.70853512
 -0.06  -1.02945314
 -3.74  -0.94174733
 -0.85  -0.98778030
 -1.90  -3.46379423
 -4.16  -4.21139681
 -0.16  -0.95113201
 -2.10  -2.24153152
 -4.02  -2.73939002
 -3.16  -1.68980326
 -2.51  -0.75404036
 -1.97  -3.31760971
 -1.09   0.07967272
 -2.73  -2.98455556
 -2.94  -3.01473256
 -1.10  -0.86918314
 -1.36  -1.74467474
 -2.09  -2.07651914
 -0.31   1.08582164
 -1.25  -2.65650583
 -1.72  -2.83387554
 -1.54   0.18416592
  0.73  -0.83872333
 -3.09  -2.67007489
 -0.89  -2.38198557
 -1.76  -1.77498154
 -0.42  -1.90164089
  1.30   0.42310943
 -2.59  -2.34066731
 -1.80  -1.86784477
 -2.29  -1.53048862
 -3.42  -4.38612181
 -2.64  -2.99322676
 -3.33  -3.29335269
 -4.34  -2.18842711
 -2.07  -1.99357308
  1.67   0.16910689
 -1.28  -1.90215111
 -0.09  -1.24988822
 -2.97  -3.95046277
 -0.52   0.50903640
  0.21  -3.39008003
 -2.61  -2.40082642
 -1.26  -3.12058073
 -0.95  -3.48450632
 -1.06  -3.35101602
 -1.10  -0.52963753
 -3.02  -2.60123466
 -1.66  -1.58487599
 -2.26  -3.31957534
 -2.55  -2.98202748
 -2.77  -2.89751856
 -2.06  -4.29247809
 -0.42  -0.29704277
 -2.18  -2.28627603
 -2.96  -2.53005973
 -3.05   0.20973475
 -1.79  -1.98949692
 -3.84  -1.23260806
 -2.14  -4.32465119
 -1.90  -2.15582145
  0.18  -0.44375943
 -0.82  -3.83699938
 -1.93  -0.93654950
 -3.31  -1.45340034
 -4.13  -3.97244752
 -2.08  -2.02093111
 -3.46  -3.13952894
 -1.73  -3.48028862
 -1.77  -0.92227924
 -1.07  -1.31218649
 -3.28  -1.86177816
 -2.16  -2.36955898
 -0.42  -1.06022931
  1.05  -0.25488486
 -1.29   0.23930959
 -0.42  -0.87396965
 -0.93  -2.05544477
 -0.65  -1.50258398
 -2.30  -2.76713133
 -3.25  -3.54888005
 -2.39  -3.93459595
 -2.78  -1.73408454
 -3.20  -3.36069288
 -3.14  -4.09270223
 -3.81  -3.38173013
 -2.13  -1.41160118
 -0.92  -0.02552334
 -2.06  -2.36144444
 -0.65  -2.82906461
 -4.41  -5.30001713
 -2.88  -3.06633841
 -1.00  -0.87518574
 -3.49  -1.81348244
 -0.92  -2.36129914
 -1.49  -2.36314621
 -2.00  -1.88865168
 -2.39  -2.56334206
 -2.80  -2.46765330
 -2.02  -3.48301795
 -2.45  -3.95578706
 -1.08  -1.57631635
 -2.14  -1.10609173
 -2.52  -0.76540875
 -0.30  -1.05008186
 -1.48  -3.20066650
 -1.80  -1.72537246
 -3.02  -1.81822729
 -1.36  -3.01963297
 -3.47  -4.21574272
 -1.02  -2.15931819
 -1.35  -2.85949211
 -3.04  -3.27363506
 -2.91  -0.73254511
 -1.70  -3.02741610
  0.03  -2.33680766
 -3.88  -2.26033684
 -1.31  -0.78338498
 -2.70  -2.23194201
 -2.20  -1.58863442
 -1.84  -0.25760920
 -2.07  -1.91640710
 -0.48  -2.33448159
 -3.71  -1.83473999
 -2.68   0.26314660
 -1.57  -0.93931121
 -1.63  -1.61358079
 -2.62  -2.83958545
 -1.48  -1.85692523
 -2.14  -3.08325947
 -2.23  -4.61651428
 -1.94  -2.97252164
 -1.23  -1.71971078
 -2.30  -1.84585491
 -2.51  -3.74196837
 -0.99  -2.92068291
 -1.66  -0.02996038
 -1.86  -0.59933601
 -1.30  -0.77424996
 -2.79  -2.01440641
 -3.96  -2.76798721
 -0.03  -3.02330319
 -1.35  -2.55770798
 -1.82  -2.03677038
 -1.78  -1.71117328
 -2.70  -2.14622977
 -2.62  -3.45894894
 -1.16  -1.97407914
 -0.42  -0.42824116
 -3.47  -3.44804734
 -0.86  -2.17146053
 -3.10  -4.07169636
 -1.47  -1.71443727
 -1.57  -3.11108772
 -1.68  -2.84209949
 -2.06  -1.81671172
 -1.89  -1.20501321
 -2.56  -1.43684006
 -4.00  -2.36406832
 -4.84  -2.39864874
 -2.54  -1.88945878
 -1.52  -2.90381239
 -3.15  -2.01764249
 -0.24  -1.56138935
 -1.20  -1.33223222
 -2.67  -2.20003173
 -3.03  -3.59735566
  0.52  -1.50542190
 -2.42  -2.82522863
  0.74  -2.19172816
 -1.39  -3.95514002
 -1.85  -2.43559933
 -2.91  -2.83020873
 -3.89  -1.44755223
 -1.58  -2.47648050
 -1.96  -2.11505307
 -0.50  -1.88521286
 -0.92  -1.16103399
 -1.22  -1.74079373
 -2.91  -1.96171362
 -3.21  -2.07810125
 -2.71  -1.68908042
 -2.17  -2.22820023
 -0.77  -2.11006119
 -2.64  -2.47245517
 -2.34  -1.41422745
 -2.52  -2.57402724
 -1.93  -1.16903312
 -2.42  -1.31428618
 -3.33  -2.36110301
 -1.38  -1.73152688
 -1.65  -0.88570424
 -2.48  -0.56373219
 -0.34  -0.13064843
 -1.79  -2.30859796
 -3.01  -2.17450423
 -2.87  -2.64008800
 -3.69  -3.38611053
 -1.04  -0.60693968
 -2.75  -3.97821729
  0.35  -3.80304887
 -1.65  -2.17141678
 -2.05  -3.14169395
 -5.15  -5.04481920
 -1.20  -1.30365303
 -0.79  -3.18592338
 -2.59  -2.85956647
 -2.27  -2.97367057
 -2.43  -3.26222164
 -2.14  -0.37301564
 -2.51  -1.32559822
 -2.24  -2.63077667
 -1.91  -3.68128468
 -1.09  -1.74271801
 -1.63  -2.25512284
 -2.33  -1.90230668
 -1.13  -0.11713170
 -2.42  -1.80738253
 -4.23  -5.14398119
 -2.40  -0.16448751
 -2.18  -4.21404412
 -1.61  -1.36140966
 -0.75  -2.99020373
 -2.79  -2.82896842
 -3.01  -4.53963100
 -2.58  -2.85833749
 -2.21  -2.86163072
 -2.41  -2.39520968
 -0.11  -2.50055381
 -1.47  -3.18315187
 -2.17  -2.83641909
  0.18  -1.95555213
 -3.79  -2.92534018
 -1.83  -2.40666350
 -3.42  -3.50551179
 -1.71  -0.26498453
 -2.63  -1.51792109
 -2.90  -1.25927616
 -2.79  -2.12749911
 -2.09  -2.15403116
 -1.07  -2.37541761
 -1.41  -1.74056804
 -1.44  -1.19328091
 -2.83  -1.63332270
 -2.54  -2.25859454
 -1.10  -2.94629058
 -2.83  -3.17476363
 -1.25  -0.08472195
  0.32  -2.27300890
 -3.32  -4.01602507
  0.02  -1.58329327
 -1.77  -1.81797428
 -5.11  -0.56797673
 -1.10  -1.76326490
 -1.11  -0.72969918
 -3.77  -3.08427020
 -0.82  -1.16063480
 -4.88  -3.53440644
 -3.13  -1.29136952
 -1.48  -1.59429828
 -3.32   0.15266185
 -2.12  -1.91772338
 -2.10  -2.11089184
  0.06  -1.16787651
 -1.27  -0.81083461
 -3.78  -2.37625356
 -1.55  -2.90254591
 -1.90  -1.44522099
 -2.28  -3.58967988
 -1.57   0.55655515
 -2.24  -1.44446685
 -0.96  -3.10916596
 -0.38  -2.77981874
 -4.56  -3.32741820
 -2.50  -1.02954660
 -3.27  -1.75026007
 -2.93  -4.37132522
 -1.50  -0.74119351
 -0.03  -1.76405079
 -2.91  -1.73758509
 -2.10   0.30395250
 -2.12  -1.53802410
  0.02  -2.67347853
 -2.39  -1.93566532
 -2.86  -2.57556656
 -3.10  -3.88065089
 -2.27  -1.86358725
 -1.70  -2.16183374
 -1.05  -2.46680110
 -2.01  -2.50797308
  0.20  -0.75446827
 -3.34  -1.51990808
 -0.70  -0.46315532
 -2.76  -3.27518368
 -1.22  -3.80889517
 -2.44  -2.44630049
 -1.79  -1.74571086
 -1.53  -0.55696096
 -4.23  -0.52300967
 -3.55  -2.17687761
  0.04  -2.05546610
 -2.05  -1.75173815
 -1.68  -0.00842872
 -1.63  -2.69866467
 -2.63  -1.48704910
 -2.03  -0.90676373
 -3.46  -4.79738899
 -2.76  -0.63936061
 -1.79  -2.59237801
 -2.40  -1.87855654
 -2.17  -2.97195371
 -1.04  -3.85102096
 -0.29  -1.61650677
 -0.96  -1.28944175
 -1.40  -1.68324997
  1.16  -1.61211122
 -1.43  -1.25573687
 -1.22  -0.16649638
 -2.50  -1.12253318
 -4.23  -3.77218150
 -5.01  -3.62312196
 -3.25  -2.72404386
 -0.32  -2.18477738
 -2.48  -2.41833650
 -1.81  -1.85516311
 -4.51  -2.66632144
 -2.66  -1.32919604
 -0.26  -1.78074650
 -2.84  -2.44039908
 -3.90  -2.10324380
 -3.85  -0.01744683
 -0.56  -1.88288481
 -1.42  -1.49383304
 -1.97  -2.13626819
 -0.82  -1.94656431
 -3.96  -5.05093417
 -2.07  -1.05245651
 -1.77  -1.02616951
 -1.79  -3.98972812
 -2.65  -1.39819917
 -2.41  -0.12475832
 -2.80  -0.49721717
 -3.31  -2.65096092
 -0.99  -2.62407611
 -4.38  -3.53429556
 -2.35  -2.67411356
 -2.94  -2.19708363
 -2.81  -2.18507242
 -2.10  -0.04714861
 -4.47  -2.10751999
 -1.21  -0.87002084
 -2.68  -2.12585893
 -1.16  -0.00931878
 -2.70  -2.69638138
 -2.41  -2.39729622
  0.58  -0.08766459
 -3.40  -3.89006710
 -2.03  -2.95734367
 -1.69  -1.81333955
 -3.09  -1.62505613
 -2.85  -2.85670087
 -1.66  -2.66273755
 -2.46  -1.60025869
 -3.07  -1.32164684
 -2.87  -1.60697661
 -2.45  -2.56437811
 -1.43  -2.03564696
 -2.57  -2.77502316
 -0.71  -0.57422524
 -2.48  -2.25735021
 -3.33  -2.41184276
 -2.33  -2.56503904
 -2.07  -1.20967323
 -2.95  -2.34879554
 -3.11  -3.05389109
 -2.12  -2.80667055
 -1.72  -1.87103030
 -0.23  -2.88322408
 -2.23  -3.15796696
 -2.38  -4.01088211
 -0.54  -0.76959198
 -2.36  -3.17416054
 -4.53  -1.15240004
 -0.86  -0.90034209
 -3.33  -1.42696794
 -2.97  -2.04679900
 -3.16  -1.42107179
 -2.54   0.12936923
 -3.31  -2.23037051
 -2.65  -0.85929585
 -2.28  -3.53496866
 -2.59  -1.04598299
 -2.96  -0.79199961
 -0.16  -1.83749592
 -1.39  -1.42408749
 -1.99  -0.95018910
 -3.96  -3.96386182
 -1.89  -2.39848807
 -0.65  -1.19366854
 -3.63  -3.32236582
 -0.92  -1.41300874
 -3.62  -2.82296722
 -3.62  -2.52929891
 -0.46  -0.36997588
 -0.34  -1.16940120
  0.53  -0.15635436
 -2.77  -3.24681292
 -0.70  -1.86063249
 -0.67  -1.15801179
 -2.03  -0.36901423
 -3.51  -2.04948295
 -3.18  -2.73576801
 -1.73  -1.97029018
 -2.39  -1.83605012
 -0.89  -1.58253006
 -0.31  -0.88303908
 -1.21  -2.07444903
 -1.20  -2.84937266
 -0.40  -2.23252970
 -1.18  -0.93939189
 -1.21  -1.05734939
 -1.18  -0.07691283
 -3.00  -2.49952417
 -1.06   0.55127640
 -3.30  -1.33119520
 -1.98  -1.07690308
 -2.97  -3.04134070
 -2.57  -4.01135535
 -2.05  -1.59993920
 -2.64  -2.63538810
 -0.01  -2.01249965
 -0.45  -0.39147339
 -4.15  -2.24808864
 -2.62  -0.73582527
 -1.43  -2.56657209
 -1.34  -2.63766616
 -3.92  -1.37327577
 -0.51  -2.66869698
 -1.79  -2.13591836
 -1.08  -1.99200078
 -3.20  -0.94937085
 -1.46  -0.91524641
 -3.40  -3.12380513
 -3.82  -1.78970550
 -1.35  -2.39678674
 -2.98  -4.17895881
 -2.08  -2.77826370
 -2.23  -1.96104064
 -2.16  -2.02311645
 -2.00  -0.76716516
 -2.43  -3.45033176
 -0.34  -0.81952702
 -2.83  -1.70197910
 -1.38  -1.03296542
 -2.94  -4.47911624
 -0.69  -0.44121875
 -1.94  -1.28318000
 -1.88  -0.52242249
 -1.80  -0.58523384
 -3.51  -0.76205736
 -1.75  -4.07191472
 -2.60  -2.58483852
 -0.35  -2.58294615
 -0.76  -0.05604337
 -4.80  -5.91773848
 -1.68  -3.41808010
 -1.49  -3.12709710
 -2.61  -0.62084520
 -2.34  -1.80925009
 -0.85  -2.42329943
 -1.34  -2.36634469
  0.94   0.15940086
 -2.49  -1.91739030
 -2.06  -2.25787434
 -1.25  -4.05275423
 -0.91  -2.08388268
 -2.10  -4.43792131
 -3.05  -2.36789230
 -3.47  -3.10579435
 -4.99  -3.33669213
 -2.53  -4.24616947
 -1.72  -1.94372525
 -2.37  -2.17655753
 -1.45  -2.02743942
 -3.11  -3.81605255
 -4.01  -3.14765328
 -1.39  -1.82091596
 -1.10  -0.49686329
 -2.02  -0.68910493
 -1.47  -1.95781352
 -2.55  -3.49063250
 -1.42  -2.31035871
 -2.29  -2.89305560
 -0.15  -1.71384371
 -0.21  -0.64230311
 -2.73  -3.20999494
 -0.86  -0.75820850
 -3.43  -1.31228878
 -3.06  -3.86318802
 -1.63  -2.20199979
 -3.32  -3.09254301
 -1.79  -0.41222959
 -1.39  -2.64647035
 -0.47  -1.11139300
  0.10  -2.14824451
 -0.95  -0.88011792
 -1.85  -2.92914317
 -1.12  -2.34766722
 -1.84  -4.65968813
 -0.17  -0.51095048
 -0.41  -3.30097092
 -2.70  -2.65856153
 -1.95  -1.48806618
 -0.69  -0.77849545
 -2.61  -1.24996117
 -1.92  -0.92402205
 -0.74  -1.54528709
 -1.68  -1.76418121
 -2.48  -1.44157470
 -1.23  -3.71932581
 -4.40  -4.14501434
 -2.74  -2.00628293
 -2.97  -1.96702717
 -2.60  -2.50669634
 -3.60  -3.18662344
 -1.43  -2.78327026
 -2.49  -1.06832528
  0.66  -1.62901840
 -1.24  -1.54021117
 -1.78  -1.62365011
 -2.10   0.03743967
 -1.51  -2.95086481
 -2.84  -0.94161279
 -1.95  -3.36681474
 -3.88  -1.94397892
 -0.57  -2.10784877
 -1.51  -4.40252343
 -1.96  -3.78720456
 -0.86  -1.14840060
 -2.16  -1.36796844
 -2.07  -0.83404982
 -3.20  -3.93786365
  0.81   0.70946299
 -3.35  -2.07854956
 -1.38  -0.96422180
 -1.95  -2.19673512
 -1.76  -2.86052777
 -3.69  -2.95248809
 -1.59  -1.55732769
 -1.74  -1.23139412
 -3.73  -4.72584344
 -2.56  -3.44114395
 -0.67  -2.21597160
 -0.91  -1.37317063
 -3.09  -2.75501766
 -3.31  -3.31403321
 -0.85  -3.25574618
 -2.71  -2.10370550
 -1.57  -2.06953920
 -3.57  -2.53023164
 -2.57  -1.58830777
 -3.03  -3.34682723
 -2.63  -0.72753802
 -2.04  -1.64797623
 -0.10  -2.09049957
 -1.07  -2.99164711
 -0.74  -1.35456630
 -0.58   1.36552447
 -1.81  -2.39380393
 -1.98  -1.38028728
 -0.68  -1.23770893
 -2.38  -1.26954326
 -1.08  -3.27852054
 -1.10  -1.55443281
  0.11  -2.53862135
 -3.81  -1.64759104
 -3.81  -1.93755960
 -2.08  -3.54139196
 -1.94  -1.33889034
 -1.71  -2.22228114
 -3.39  -1.27690973
 -0.24  -0.73124707
 -2.89  -2.08787394
 -1.05   0.04732147
 -3.14  -3.25096138
 -0.98  -2.79345858
 -2.81  -0.05913159
 -3.11  -2.14812307
 -3.33  -4.58503024
  0.18  -0.68926974
 -4.17  -3.51352719
 -2.23  -0.32746985
 -0.41  -4.27926396
 -2.02  -2.73727443
 -0.28  -3.19919521
 -1.05   1.46067072
 -2.63  -3.13374124
 -2.20  -2.88592357
 -2.54  -2.86664429
 -0.77  -2.06746518
 -2.79   0.93211088
 -2.88  -1.18490027
 -0.84   0.27629679
 -2.31  -1.45787071
 -3.22  -2.72159123
 -0.82  -0.90288906
 -1.77  -0.10197736
 -0.88  -1.47620754
 -1.69  -1.58305319
 -0.28  -2.68314199
 -2.67  -0.77845220
 -1.85  -4.11025620
 -1.36  -1.47900586
 -2.51  -2.74968613
 -2.21  -3.14482633
 -0.91  -2.01964502
 -3.13  -3.31343419
 -1.03  -2.79309747
 -1.86   0.06176334
  1.22  -0.00103189
 -0.36  -1.54618151
  0.84  -1.39718554
 -0.67  -0.65511929
 -3.69  -0.64873210
 -2.32  -1.79954180
 -2.36  -3.50262528
 -3.20  -2.55176081
 -1.85   1.47487078
 -3.26  -1.15807353
 -1.73  -3.55164489
 -1.62  -2.20879372
 -3.10  -2.27290326
 -2.58  -2.91308321
 -0.94  -0.00540872
 -2.49  -2.13553921
 -2.34  -2.63412202
 -2.31  -2.55815134
 -1.91  -0.90646958
 -2.98  -3.20629671
 -1.20  -0.92945989
 -2.65  -3.32711202
 -2.22  -2.44937422
 -1.90  -1.29835575
 -1.79  -0.54263274
 -2.36  -3.07857288
 -3.40  -4.81476205
 -1.50  -3.76550484
 -2.45  -0.72142420
 -0.72   0.14342817
 -2.83  -1.79748101
 -2.57  -1.61583686
 -0.60  -1.57788784
 -1.87  -1.26494544
 -0.73  -1.46086054
 -0.70  -2.14612832
 -2.91  -0.66867619
 -0.96  -2.25826753
 -2.06  -2.70724691
 -1.26  -2.50527926
 -1.22  -2.17189953
 -0.20  -0.72301846
 -0.97  -0.61251238
 -2.63  -1.69977425
 -0.31  -1.45483796
 -2.67  -2.52724030
 -1.83  -0.58123897
 -2.58  -4.06793149
 -0.18  -0.64437287
 -1.44  -1.47895349
 -1.44  -1.88363607
 -2.77  -2.82855427
 -2.71  -2.27353528
 -0.93  -0.62628770
 -1.84   1.01246552
 -0.37   0.03037925
 -0.82  -2.26976361
 -2.02  -1.36510362
 -3.80  -4.30771560
 -2.14  -4.19313298
 -3.04  -0.86937925
 -2.55  -3.11016298
 -1.31  -3.16993186
 -3.73  -2.30858654
 -2.56  -0.62748295
 -1.93  -2.33426513
 -1.38  -0.83442125
 -1.76  -2.47351469
 -1.99  -1.63378556
 -3.57  -2.96387280
 -3.61  -2.78378383
 -2.52  -2.71235474
 -1.28  -3.61895731
 -2.27  -0.86147038
 -2.31  -2.71066300
 -0.04  -0.47075137
 -1.04  -1.60852500
 -1.72  -1.96898537
 -1.44  -1.57743678
 -2.39  -3.10052229
 -2.12  -1.40694692
 -3.13  -1.32122828
 -3.88  -2.49662808
 -3.51  -2.34346541
 -1.60  -3.04209661
 -2.17  -1.94635472
 -4.24  -1.82852291
 -3.48  -2.47086728
 -1.56  -2.05443839
 -3.15   0.29178249
 -2.68  -2.58041990
 -3.72  -2.76676358
 -4.40  -3.59036926
 -2.15   0.32496714
 -4.91  -1.31941088
 -1.20  -1.14961406
 -0.94  -1.09565696
 -1.15  -2.77679413
 -3.14  -1.17127051
 -0.96  -1.13569292
 -0.56  -0.12150568
 -1.28  -2.50636397
 -2.01  -3.30131698
 -3.63  -3.82789102
 -1.78  -1.22651547
 -1.64  -2.94269882
 -2.74  -1.18293218
 -3.18  -2.52078210
 -1.84  -2.76031206
 -2.20  -2.35457269
 -2.26  -2.43835120
 -2.29  -3.75983653
 -1.55   0.13355765
 -2.61  -0.75545632
 -3.30  -0.91943633
 -2.53  -2.88055541
 -2.92  -1.98653860
 -2.61  -2.73175949
 -2.43  -1.73798358
 -0.40  -1.21873045
 -2.41  -1.95585706
 -2.14  -2.19946176
  1.38  -0.34865405
 -2.28  -2.55862865
 -1.03  -0.01880934
 -2.15  -2.05300396
 -3.83  -2.67040303
 -0.48  -0.77428865
 -1.62  -3.84645871
 -0.83   0.16965614
 -2.54  -2.68864182
 -1.26  -2.16786970
 -3.16  -3.17276409
 -2.26  -2.54399532
 -1.02  -1.91746780
  0.00  -1.23889737
 -4.41  -1.92000908
 -3.49  -3.95102974
 -1.40  -2.22396101
 -1.01  -0.47849788
 -2.76  -3.06679595
 -1.03  -0.70232247
 -1.83  -0.09175415
 -2.87  -1.19366066
 -1.53   0.17185082
 -0.60  -0.28536393
 -2.13  -1.18450324
 -3.04  -2.76277765
 -1.56  -3.23001546
 -2.44  -2.14809744
 -2.68  -2.31720905
 -2.72  -3.74260166
 -2.21  -2.57649967
 -1.97  -3.20169214
 -2.57   0.13681881
 -2.04  -2.63509627
 -1.46  -1.48810648
 -4.14  -2.97297481
 -2.76  -2.00313287
 -1.76  -1.63092423
 -0.86  -2.07058137
 -3.26  -2.83238132
 -1.23  -0.86172854
 -0.74  -2.29028314
 -1.43  -1.07300511
 -4.11  -2.04656244
 -1.71  -1.91723820
 -0.78  -1.35832282
 -2.44  -1.62103815
 -3.57  -2.82488753
 -1.13  -1.00625036
 -2.14  -1.04371231
 -2.58  -2.92617615
 -3.34  -1.55736659
 -2.55  -1.76530585
 -3.57  -3.76679290
  0.58  -1.55212312
 -5.54  -3.65509393
 -0.68  -2.00142067
 -3.10  -0.07275245
 -3.30  -2.74080606
 -0.58  -0.11646831
 -1.86  -1.70205910
 -2.85  -2.54663698
 -3.18  -2.23272132
 -3.95  -5.39858350
 -3.92  -2.96213396
 -1.61  -1.78293924
 -2.66  -1.57313030
 -2.00  -1.35867011
 -1.65  -1.42660273
 -3.85  -3.28769343
 -2.42  -2.20081840
 -1.25  -1.13182487
 -1.53  -3.85751092
 -4.54  -2.90980100
 -0.73  -2.26541179
 -1.97  -3.39092105
 -0.32   0.25996136
 -2.57  -2.78372785
 -2.89  -2.99723543
 -2.96  -1.28013855
 -2.79  -3.55208192
 -3.88  -2.20379204
 -4.28  -3.71743226
 -2.62  -2.07166138
 -2.40  -0.10650009
 -1.52  -1.81543737
 -2.69  -3.54837268
 -1.15  -3.43091765
 -2.36  -1.30959079
 -2.44  -2.71230263
 -0.67  -1.80290146
 -4.27  -3.52625294
 -2.05  -2.35164082
 -2.34  -2.84239829
 -2.51  -0.91786112
 -4.79  -3.63544729
 -1.71  -2.89297131
 -1.97  -0.20738182
 -1.49  -1.94713656
 -0.88  -0.93941674
 -2.33  -0.97947567
 -0.80  -3.21876423
 -0.03  -1.74934765
 -0.36  -0.30466630
 -2.66  -0.46059688
 -1.14  -3.36620192
 -2.48  -2.06446239
 -2.56  -2.19054733
 -3.06  -1.73092047
 -3.29  -2.16452282
 -3.41  -1.04245297
 -3.36  -2.79999621
 -3.37  -3.86193392
 -2.30  -0.68817807
 -1.64  -2.88049877
 -2.53  -3.31292651
 -1.14  -0.24501339
 -3.90  -3.18915153
 -0.91  -0.73448217
 -1.72  -2.93403027
 -3.94  -2.52910964
 -1.44  -1.62926218
 -1.77  -3.05977971
 -3.20   0.16526879
 -2.78  -1.76789032
 -2.53  -2.79612465
 -0.57  -1.12431061
 -1.02  -1.42051489
 -2.43  -2.94509382
 -2.40  -2.56484871
 -2.23  -4.05713895
 -3.74  -2.00031418
 -1.37  -1.70064528
 -1.95  -2.91735430
 -3.16  -2.89842372
 -2.36  -2.13031892
 -1.35  -3.94950595
 -2.61  -3.76300865
 -3.00  -0.44504146
 -1.11  -3.48471397
 -2.50  -2.15160500
 -3.82  -3.17520733
 -2.98  -1.29170484
 -0.81  -3.90079097
 -2.95  -3.36123586
 -2.03  -1.28536422
 -0.46  -3.00941745
 -1.80  -1.16936700
 -1.36  -0.19355896
 -1.73  -1.10521010
 -4.50  -3.35528784
  0.21   2.58299785
 -1.13  -0.14714726
 -1.56  -2.26781299
 -2.19  -0.91694875
 -3.15  -1.54656586
 -2.44  -3.02507169
 -0.24  -0.48250459
 -2.72  -1.76353890
 -1.23  -0.68646537
 -1.42  -1.97426874
 -1.83  -2.13667089
 -0.82  -1.27220825
 -2.03  -1.41804134
 -3.50  -2.87511751
 -1.34  -2.20143725
 -3.48  -0.80404778
 -2.14  -2.26726831
 -2.39  -2.27183687
 -3.07  -1.80823310
 -1.61  -0.71042487
  1.18  -0.44927049
 -2.58  -3.03609354
 -2.34  -1.95550913
 -2.95  -3.62658410
 -1.52  -0.37686509
 -1.85  -2.45110763
 -2.83  -2.19050561
 -0.68   0.02994990
 -2.86  -1.29979914
 -3.02  -1.53806613
 -1.75  -1.74583206
 -2.39  -1.81235016
 -3.03  -3.79994079
 -2.90  -2.55125509
  0.03  -1.13635937
 -0.57  -2.55467767
 -0.07  -0.52600635
 -3.50  -1.55006318
 -0.65  -1.38714429
 -0.69  -1.20584541
 -1.42  -3.13532119
 -0.64  -1.86095066
 -2.06  -1.75564306
 -1.73  -2.08891075
 -1.49  -3.23699307
 -0.25  -1.45481095
 -3.35  -2.19476969
 -3.01  -3.16254808
 -1.15  -1.07139724
 -2.17  -1.91353837
  0.04  -2.42139251
 -1.49  -0.25565048
 -1.38  -2.81161777
 -2.53  -1.88170485
 -2.51  -2.42824044
 -1.50  -1.79556651
 -3.00  -0.52238516
 -1.32  -2.27035516
 -3.03  -1.95113953
 -3.07  -2.60797756
 -3.23  -1.69149835
 -0.19  -2.50453152
 -1.36  -0.95110113
 -1.69  -2.69019355
 -1.99  -1.74070619
 -3.83  -2.59088477
 -1.09  -1.79320860
 -1.57  -2.02211208
 -1.69  -1.51016710
 -0.99  -1.72512927
 -2.38  -0.63390999
 -1.89  -3.12532916
 -2.17  -1.28883940
 -2.04   0.24739697
 -1.20  -1.62022053
 -2.07  -1.58055829
 -0.34  -0.05277545
 -5.14  -2.81675176
 -2.22  -1.56383595
 -1.69  -0.78815970
 -1.45  -0.46156167
 -2.42  -1.23960288
 -0.64  -1.97413409
 -2.40  -1.26373802
 -0.64  -2.05057450
 -1.52  -1.63428075
 -1.75  -0.85621278
 -1.55  -3.83521280
 -2.38  -4.40514262
 -1.57  -3.07322194
 -1.58  -0.43457043
 -3.42  -3.09684905
 -1.82  -3.00977257
 -0.40  -0.95815728
  0.20  -0.09401032
 -1.05  -1.67841913
 -2.64  -3.42822536
 -4.57  -3.04909055
 -2.45  -1.03090397
 -0.24  -1.17801915
 -1.12  -4.13666127
  0.06  -0.71931560
 -3.08  -2.31264882
 -0.42  -1.14804102
 -1.12  -1.15177034
 -0.91  -0.66395192
 -0.35  -3.61676902
 -0.97  -2.96850894
  0.30  -0.56035215
 -1.55  -2.98327941
 -1.69  -1.99772796
 -0.05   0.66682497
 -4.18  -1.98840448
 -0.92  -2.14791345
 -0.33  -2.65246197
