  0.75   3.66802533
 -0.68   4.48458348
  1.24   4.76343760
  0.88   1.59576739
 -0.87   4.30529875
  2.45   4.06609467
  3.28   2.12946085
 -0.14   0.12423691
  0.81   4.65207134
 -1.75   2.16413956
 -0.42   1.39831751
 -0.33   3.22219765
  0.57   6.08353973
 -0.12   2.85761404
  2.47   4.32879847
 -1.00   4.74331746
  2.70   2.20251828
  0.87   5.16523855
  0.81   2.45521616
 -0.35   1.07117684
  0.95   1.16838635
  1.30   2.83752317
  1.07   4.04215340
  3.95   4.50545671
  0.78   3.60001099
  0.11   0.94430584
 -0.37   3.07343516
  1.81   0.81949429
  0.88   0.77158322
 -0.91   4.76832954
  1.19   1.00632404
  1.45   1.31221832
 -0.60   1.48114072
  1.04   0.79143941
  0.24   3.30477592
  2.84   2.71452745
  2.45   1.04692176
  0.38   2.95366557
  1.77   0.01145204
  1.17   5.35731121
  2.40   1.82435563
  2.61   2.58943756
  3.97   2.57593815
 -1.17   2.54994342
 -1.48   5.23528676
 -1.06   4.50176263
  1.92   1.42017476
 -1.27   4.52200264
  2.55   3.89472491
  1.97   4.56726077
  3.17   1.28752744
  1.23   2.60577353
  2.52   5.21774369
 -0.27   4.70990532
  0.68   3.97164853
  0.32   3.31677319
 -0.50   2.52750579
  1.95   4.49238250
  0.64   1.16147800
  4.09   0.72587421
  0.50   2.43340376
  2.01   3.05084359
  1.36   3.56615510
  0.19   4.12441897
  2.51   3.77528461
  2.04   2.53470614
  0.21   4.23047996
  0.55   3.42829610
  1.73   2.63365815
  3.57  -0.81626398
  0.67   4.20067136
  1.15   4.81322982
 -1.45   4.22494497
  1.45   1.65259603
  1.67   4.81197807
  1.53   3.44840142
  0.84   5.27117369
  2.21   0.31468669
 -0.08   3.27011527
  0.31   2.38171939
  2.78   1.94213497
  1.55   3.08231170
  2.78   4.30227047
 -1.03  -0.81931936
  2.71   2.00535544
 -0.34   0.94892586
  0.56   2.97451217
  1.45   3.34716234
  2.47   3.48199835
  2.80   4.26465811
 -0.07   3.99777685
  1.70   1.46776199
  1.83   3.18448107
  2.84   2.42500520
  0.57   2.33152672
 -0.14   5.96781831
 -1.42   5.46271433
  1.58   0.70008106
 -2.90   5.74332460
  1.80   1.68456234
 -0.49   1.07243321
 -0.88   2.02900092
  1.27   3.26350836
  0.07   0.54277230
  0.03   6.70179322
  3.08   2.39334180
  1.48   3.30523353
  3.68   3.54200856
  0.84   0.79727322
 -2.37   2.44642066
 -1.89   1.92720099
  1.68   3.87516975
  1.28   5.41134652
  2.49   0.35578341
 -0.78   3.03794802
  3.29   2.95866756
  1.80   3.05916311
 -1.16   5.22314915
  2.53   3.49460672
  0.03   3.94720360
  0.47   2.51369302
 -0.37   0.98966093
 -0.58   4.73714710
  1.63   4.41083563
  0.08   2.88000525
  1.71   5.17086658
 -1.98   2.42787198
  2.29   4.92586552
  2.83   3.72936957
  1.49   3.07928312
 -0.45   2.71369739
 -0.70   2.99228811
  1.34   2.09961658
  1.14   1.45784434
  0.11   4.17398086
  1.22   4.94983455
  2.52   3.31286208
  3.01   3.47181713
  1.60   3.87161560
  2.21   3.57586278
 -0.39   2.63238914
  0.53   5.40297872
  2.32   5.56878617
  0.59   0.14588346
  1.88   1.11404979
  1.64   2.08581625
 -0.80   3.99170530
  3.99   0.06319189
  1.57   2.53667559
  1.69   0.99753882
  1.91   6.97042774
  1.31   5.33394705
  0.34   2.67702823
  1.93   3.78492985
  2.51   3.12815903
  2.46   1.79856453
 -2.26   1.79862159
  1.81   2.51424004
  1.25   0.37087780
  1.31   5.26874903
  0.15   1.25941471
  1.57   1.76219167
  0.73   3.64127075
  0.06   0.27258395
  0.05   2.00462436
 -0.37   2.36126169
  0.82   6.11193112
  3.59   5.09066202
  1.56  -0.84077459
  0.05   3.79022415
  1.00   0.99188900
 -0.18   3.71028174
  0.76   2.25609286
  0.86   4.24036708
  2.92   2.52505658
 -1.84   7.61212396
  1.65   2.53640848
  2.00   3.67103256
  3.59   1.20007387
  1.05   4.82923046
 -2.21   2.21408921
  1.16   2.48722577
  1.36   2.54632927
  2.08   1.19024884
  0.41   2.37176604
  0.71   2.81341555
  1.31   1.94417482
  0.07   1.44944096
  0.17   2.56313418
  2.80   4.97102798
  0.64   3.22215706
  0.02   4.10494645
  3.09   2.95147246
  0.74   4.81029131
  1.00   3.51102149
 -1.32   5.47015816
 -0.85   3.34272701
  1.27   4.08792528
  1.91   4.30794962
  3.58   3.30895790
  2.44   3.54833011
 -0.32   3.45504499
  0.47   4.25592589
  2.84   4.13076234
  1.10   4.99293844
  1.41   0.95578665
  3.21   2.19300039
  0.38   4.33916411
  1.13  -0.26032707
  0.87   1.62934320
  3.22   2.45998737
 -1.20   4.93435995
 -0.92   3.42215061
  3.55   0.96303148
  0.92   2.46156430
 -1.37   6.25024983
  0.79   2.18390409
 -1.98   3.36544791
  1.44   0.76462759
  2.02   2.44418799
 -0.67   4.04086791
  2.93   2.72531572
 -0.96   2.57890828
  2.84   2.87584927
 -0.68   4.24216051
 -0.77   4.02775573
  1.74   0.72671700
  2.11   2.89349264
  1.79   3.39913410
  1.11   2.80304971
  1.42   1.80990678
  1.04   1.29359473
  0.55   4.43983054
  4.30   1.83401359
  1.48   3.05169168
 -1.29   1.37149631
  1.60   2.68010827
  0.73   0.71610724
  0.42   3.61258373
 -0.11   4.71202997
  1.50   1.51863428
  2.88   3.58704802
  1.54   1.85589169
  3.18   3.06224963
  1.16   3.34119534
  1.44   3.05820172
  0.14   3.41443732
  0.21   4.93824585
 -1.88   3.90750488
  1.29   4.12697271
 -1.05   3.26102305
  0.90   1.38447158
  0.69   0.35817248
  1.38   2.15626858
 -2.02   5.63307533
  1.46   2.77124510
  3.16   1.86937862
  0.51   2.79461001
 -0.07   5.32126157
  1.38   2.86155652
  3.01   4.84012261
  1.06   1.24544140
 -2.22   3.32283951
  0.39   5.42282350
  1.84   2.00966676
  1.14   4.72954165
  0.77   3.85280494
  0.24   2.94372017
 -1.00   1.12365185
  0.21   2.90595904
  2.02   2.45937757
  1.16   4.25848258
  1.40   0.75134986
 -1.17   1.62566787
  0.45   2.60298062
  1.15   2.17060722
  0.21   5.65922924
  1.56   1.24185755
 -0.65   1.68152818
  0.36   1.02130072
  1.18   0.97518205
 -1.39   1.95257978
  1.25   4.79848662
  0.96   2.23888597
  2.61   5.73423577
  0.66   3.20720362
  0.85   3.37279237
  0.36   3.04148778
 -1.14   1.41900749
  1.21   2.62222085
  0.65   6.34899788
  0.03   6.10106188
 -0.05   4.88594886
 -0.79   3.94315034
  0.24   5.23385501
 -1.57   3.36515624
  2.65   4.06002226
  1.28   4.06592644
  0.79   4.95682711
 -0.23   1.44213131
  3.26   2.60070202
 -0.54   3.43902094
  0.55   1.26208058
  3.92   3.60640546
 -0.21   1.96236976
 -2.18   4.63049525
 -2.02   5.30686091
  2.66   4.81510451
 -0.98   4.20844175
  4.01   3.39365565
  3.72   0.88948705
  2.61   1.01618575
  1.46   2.48928381
  1.32   0.61839296
 -0.81   3.82797933
  2.66   1.44113252
  1.51   3.00098599
  0.60   3.34129512
 -0.93   4.81138627
 -0.42   2.05166526
  2.98   1.94639882
  1.59   3.54147575
  2.48   2.48834462
  2.55   3.66226692
 -1.87   6.09177834
  0.86   0.45695016
  2.16   4.75774650
  1.50   2.82264032
  1.17   0.67664867
  2.05   4.22226712
 -0.71   1.15129419
  1.75   1.29714864
  1.89   2.62419463
  2.44   1.14273439
  0.67   5.03819937
  1.79   1.59311907
  1.54   1.47275623
  2.30   4.67741367
 -0.64   3.66238263
  2.46   6.08396794
  1.11   2.90333281
 -1.86   5.23127765
  3.71   1.96892743
 -2.89   3.66603722
 -0.68   1.26633206
  2.18   3.95850517
  3.11   2.84492787
 -0.15   3.93988581
  2.43   1.97975896
  0.70   2.83159056
 -1.24   2.41608349
 -0.62   2.37816345
 -0.14   1.24701019
  3.54   4.15982236
 -0.54   2.70310732
 -0.68   3.93133463
  1.07   0.55129508
  2.41   2.86719210
 -0.65   1.10283792
  0.94   2.71403966
  1.22   1.48505042
  0.60   4.27451440
 -1.41   3.07172522
 -0.07   3.66338115
 -0.01   2.16351341
 -0.16   4.08335638
 -1.27   3.61326948
 -0.47   1.50974991
  2.58   2.15729160
  2.70   2.96780425
 -0.76   3.29907219
  1.03   1.56808570
  1.71   4.47994113
 -1.13   4.19015015
  0.46   4.55876968
  1.14   3.16244369
  0.27   4.79417133
  0.16   1.43494511
 -0.08   3.25194446
 -1.15   4.01290935
  0.05   2.39609461
  1.14   4.83728338
 -1.21   3.80693467
  2.85   1.54471580
  0.16   3.06263461
  3.52   2.88827154
  2.16   4.16186034
  1.94   5.80471866
  3.07   2.01761919
 -1.78   3.66715143
 -1.18   4.86918308
  3.98   2.73535113
  0.32   0.69388606
 -1.33   3.03050914
  0.56   3.06337802
  2.37   5.62057665
 -0.86   1.74686461
  1.08   0.50986996
  1.23   5.23083873
  0.97   4.28398087
  0.63  -0.19543563
 -0.41   2.88129020
  0.24   2.66556436
  2.63   1.16645036
 -0.54   1.72950935
  1.99   2.51984559
  0.89   3.69854004
 -2.13   3.14261264
  1.68   3.12505299
  2.22   3.28855904
  3.03   0.64506560
  1.14   0.90865078
  3.17  -0.05015739
 -1.15   0.77493614
 -0.52   4.07652637
 -0.45   2.11072208
 -1.08   1.53605421
  2.59   1.31527863
  1.43   3.61697087
  0.69   3.44127178
  0.16   1.69115072
 -1.65   2.92903693
 -1.51   3.62818205
  1.44   2.68161014
  3.24  -0.40607356
 -0.21   2.58663645
  0.60   2.26474732
  3.09   1.57158717
 -0.75   3.22894398
  2.01   3.10341319
  2.51   3.90065146
 -0.29   1.85353081
  2.07   5.14840451
 -0.56   4.72971691
  0.84  -0.17743985
 -1.53   4.58801289
  2.38   3.07979479
  0.20   3.71942103
  0.34   3.04396651
  0.59   2.10630268
  1.60   1.89061571
  1.77   4.52506975
  2.55   2.20000030
 -0.27   5.68959197
 -0.52   1.89591640
 -0.11   0.95303903
  1.64   4.04552054
  2.46   1.56154302
  2.54   2.17248691
  1.75   3.32698012
 -1.58   5.97179373
  1.23   3.65832144
 -0.40   2.43953303
  0.59   5.27584542
  0.31   3.99459013
 -1.35   5.32953624
  1.76   0.85446816
  0.11   2.16545713
  0.99   4.34578658
  1.43   4.63332329
  2.03   3.82031842
  2.30   4.14864585
  2.92   0.11374576
  0.24   4.46436091
  1.64   0.14770902
  0.19   1.56034958
  2.99   1.68171766
 -0.98   6.58055877
  1.18   3.61827394
  2.11   3.99265497
  3.52   0.93047496
  2.48  -0.26638128
  1.84   1.53354252
  0.37   2.91953528
  1.65   3.62124821
  0.83   2.16139782
  0.66   4.54553560
  0.95   3.23052549
 -0.43   2.13424149
 -0.40   0.76100113
 -0.06   4.04553813
  0.29   3.11621597
 -1.56   5.03463985
  0.87   4.86855454
  1.61  -0.36003179
  1.42   3.75436904
  1.81   2.32039452
 -0.09   1.69628180
  3.46   4.14979327
 -0.20   3.89050385
  3.13   4.71545722
  1.55   1.41195424
  2.08   2.73963879
  0.03   4.49314432
  1.19   5.56935308
  1.98   4.01266590
  4.15   4.29636768
 -0.90   0.64026200
  3.55   3.62446274
  3.06   5.58210521
  3.40   3.84603631
  1.92   0.23622044
  0.42   3.62860085
  2.56   4.34311841
  1.41   1.81308174
  1.56   3.01105158
  2.41   4.98908367
  3.31   1.36693637
  0.20   3.16359274
  1.00   2.95289387
 -0.25   1.64743655
  0.95   2.55368050
  0.00   5.22782534
 -1.52   4.21357702
  1.96   4.36648857
 -0.13   2.94665694
  2.65   0.84849844
  3.82   3.50890666
 -1.96   2.53530360
 -1.06   3.24525183
  0.43   1.24312477
  1.52   3.63644777
  1.53   4.82763452
  2.72   3.78884592
  3.78   0.63732752
  1.82   2.83342106
  2.69   4.08677479
  0.70   1.51920396
 -0.20   4.93434937
  1.26   0.97584290
  0.85   4.84169659
 -0.46   0.04723009
  0.69   1.58595462
 -0.62   2.42898258
  1.22   2.23211781
 -1.79   3.40376320
  2.19   3.52771335
 -1.90   1.58589278
  0.03   2.49943697
  3.41   4.14161905
 -1.04   3.95289769
  0.08   3.88010633
 -0.39   2.38861129
  2.41  -0.20802256
  0.45   2.05375997
  1.58   2.84603326
  0.07   2.02166444
  3.86  -0.44503561
 -1.56   0.34713156
  0.88   4.96943858
  1.29   2.86699231
  0.11   2.54211360
  1.44   5.38395205
 -1.09   2.82832197
  2.65   2.26397029
  1.88   5.43095000
 -1.28   3.13023359
  0.71   3.35705613
 -0.36   2.05312028
  0.89   3.05005237
 -1.51   2.77293517
  2.08   3.96949066
  1.55   2.56251972
  0.55   5.00860474
  0.77   0.11994921
  1.53   3.06360761
  3.35   1.96088632
  2.83   3.66732152
  1.14   4.93071791
  2.52   3.14911788
  0.20   4.50517805
  1.62   4.39734823
  2.27   1.26060809
  3.66   2.15704503
 -1.54   3.83932736
  4.05   1.39834372
  1.11   3.66675718
 -1.55   2.43617646
  2.91   3.52533136
  1.66   5.15977635
 -0.96   4.71751671
 -0.11   4.19137531
  0.23   3.58251130
  0.41   4.75204330
  0.95   2.08245227
  0.33   0.30179633
  0.36   0.38777248
  0.69  -1.33073866
  2.10   1.58468592
  3.25   0.53223109
  0.06   4.78768540
 -0.64   5.41035081
  0.37   4.11946617
  1.48   3.78775278
  2.05   4.40565940
 -0.62   2.72318258
  4.14   2.38260104
  1.35   2.98432423
 -0.23   5.64412424
 -1.28   4.14019698
  1.36   2.70621723
  1.57   3.38393291
 -1.45   4.11675202
 -0.99   1.32303012
 -0.19   2.18426642
 -0.31   1.34934555
  1.87   1.63013046
  1.05   1.63358100
  0.07   2.11138270
  0.89   2.31062257
  4.09   3.12512686
 -0.36   3.05532843
  3.82   0.58169401
 -1.53   2.36476693
  0.97   1.49462513
 -0.95   4.26776396
  0.80   2.46563453
  3.18   4.65042347
  1.10   3.44184616
  2.22   1.13400406
  2.40   2.63213930
 -1.73   5.92671681
  0.50   4.08745214
 -1.97   5.01329507
  0.98   3.73939701
  2.93   0.28454909
 -1.10   1.79842506
  0.27   1.27945003
  0.14   4.43288746
  2.80   0.58393845
 -0.72   4.57431174
  1.56  -0.36543438
 -0.80   0.29724976
  1.50   2.35437883
  0.84   3.83403477
  0.40   2.67386856
  0.22   0.16272518
  0.72   1.66451951
 -0.78   4.53338919
 -0.80   2.55699227
  1.07   4.53367098
  0.10   1.13371898
 -0.77   4.02835767
  0.67   4.30594417
  0.74   2.78434021
  4.59   1.59570007
  2.82   1.74677481
 -0.11   5.22113228
 -2.02   5.09098157
  2.52   3.06370920
  0.51   1.13317276
  2.07   0.19686291
 -0.33   5.40490353
  1.02   2.19452843
 -0.26   2.69214927
  2.29   4.13297996
  0.51   2.86975694
  2.16   1.03816976
  2.31   1.62067823
  1.50   1.64199484
  2.54   4.49354955
  3.22   2.88484004
  0.82   2.39109334
  0.20   4.07723886
  1.88  -0.56531416
  4.78   1.94023166
  2.13   2.48167043
  1.33   0.46584141
 -1.14   4.79605753
  2.62   1.53455396
  0.96   6.73227580
  0.56   2.57179244
  2.48   2.85160593
  0.43   4.40804781
  2.04   2.08909317
 -0.63   2.25271595
  4.02   4.56428616
  0.91   4.45956685
 -0.02   5.39212970
  1.46   4.77803754
  0.96   0.57852736
  0.32   3.94226901
 -0.85   2.14930223
  2.20   3.96946212
  4.03   1.53136846
  0.77   4.96540988
  1.05   4.69130237
  0.73   4.05690937
 -0.29   2.27018996
  2.07   1.18263711
 -0.36   0.71122207
  1.85   1.53937349
  2.21   1.77536505
 -0.60   1.78763890
  2.29   1.54999720
  1.61   2.50655423
  1.94   1.48113393
  0.65   2.68106771
  1.28   5.70141373
 -1.28   5.11641212
  1.23   3.92322079
  0.66   3.65572180
  2.19   3.35587309
  0.86   2.48695033
  1.63   2.97872358
  0.51   0.53575809
  1.67   1.22708755
  1.86   1.35715542
  2.88   0.21079730
  0.58   4.50316227
  0.53   3.36076467
  1.58  -0.09986258
  0.69   3.32406234
 -1.36   3.15736257
  1.77   5.63097247
 -0.07   2.42489790
  1.01   3.77995050
 -0.68   2.72081154
  2.59   3.36237554
 -0.20   5.24815805
 -1.51   5.98058295
  1.91   4.57098217
  1.12   5.96062922
  0.03   3.08951160
  4.03   1.69246346
  2.14   3.83353139
  1.29   0.79484881
 -0.18   3.91108697
  3.85   3.13764340
  1.26   1.46820452
  0.09   2.34405384
 -1.62   3.42851702
  1.51   3.69764187
  1.13   5.24847554
  2.15   3.86617689
 -0.37   2.30406969
  0.44   2.96378613
  1.08   2.92320666
  2.39   2.29965702
  1.75   4.06636005
 -0.29   2.98104690
 -0.80   4.36774005
  0.27   2.02282870
  0.68   1.11978322
  2.36   1.49492753
 -0.51   1.84849965
 -0.17   3.50966385
  2.20   2.28246268
  1.72   2.74221764
 -1.08   4.55172324
  0.58   1.23797279
 -0.38   4.11871211
  2.42   1.98653211
  0.00   6.44659039
  0.50   0.37922432
  1.47   6.67141546
  1.90   1.80629369
  0.75   1.52976431
  2.85   1.03481288
  0.64   5.41234906
  3.34   1.57046979
  1.80   3.49411966
  1.00   0.73622464
  2.45   2.89819671
  1.32   1.91731618
 -0.32   3.41117269
  0.97   4.64060791
  0.05   1.60916735
 -0.28   5.72504966
 -1.22   3.11795625
  2.37   3.78726067
  2.50   0.45487504
 -0.20   1.52479480
 -1.60   1.83188733
  0.76   4.23431893
 -2.02   2.79452413
  0.63   1.70001123
  1.82   4.53311446
  0.77   1.50117918
  0.56   3.50441047
  3.48   1.41963273
  0.99   3.82480845
  2.50   1.04440145
 -0.08   2.94381354
  2.21   0.97243918
  1.71   2.28396400
  2.55   0.88004903
 -1.56   2.20423906
  0.73   2.58714463
 -0.12   3.12368694
  3.09   1.30051323
  1.51   4.03301699
 -1.01   0.99460771
  0.17   3.26712334
  2.57   3.22870410
  2.61   1.39456712
  0.45   4.77777033
  4.08   0.95309010
  1.78   1.54075874
  0.61   4.05544778
  1.89   3.71373422
  0.86   1.15288011
  0.25   0.44323086
  0.74   0.97688895
  1.88   1.47467912
 -0.60   2.04946486
 -1.40   3.28739818
  0.70   2.88335808
  0.69   2.87416591
  3.89   3.76998497
  2.36   2.80742180
 -0.41   1.93259649
 -0.93   4.37779845
 -0.40   5.25847766
  2.66   2.07652972
  0.76   2.51920796
  0.11   2.63611889
  1.38   3.15961330
  2.26   3.58113811
  3.02   3.24931910
  1.19   0.07136460
  2.27   3.53728827
  0.77   4.47333061
  0.83   4.31106413
 -0.04   1.09997020
  2.89   3.15309315
  4.21   1.37252370
  1.81   1.72249904
  0.34   3.79651609
 -1.29   5.28718919
 -0.76   4.94939634
  1.03   1.37576185
  2.42   4.19650307
  0.99   4.50643668
 -0.31   4.22350678
  0.68   3.70446308
  1.63   2.62067094
  0.61   3.03586045
  3.14   3.91725586
  3.54   1.50225058
 -2.14   4.01650610
  0.55   0.75878027
  3.83   2.72942439
  3.08   2.34012111
  1.94   0.68544819
  2.28   1.37508532
  2.24   0.83272401
  2.72   1.82653870
 -0.33   0.99603747
  3.82   3.08901883
  2.28   2.86969716
  3.61   2.56808986
  0.87   4.94558629
 -1.47   1.34061423
 -1.06   2.60156058
  0.89   4.70252518
  3.70   4.38548157
 -0.41   2.99905767
 -0.05   4.74615255
  3.03   0.03174602
  0.62   6.40247555
  2.54   1.11490236
 -0.08   5.25368562
 -1.93   3.93021763
  0.62   2.30425720
  2.24   1.51825147
 -0.85   3.60094366
  2.30   5.22822023
  0.81   1.74032278
  0.60   4.69736576
  3.32   4.43392848
 -0.52   2.47901243
 -1.92   4.84976016
  2.77   2.68218580
  0.51   0.61422069
  1.02   4.71070804
 -0.06   0.78551758
  1.79   2.87282626
 -0.78   2.04955495
  1.34   3.07802567
 -0.27   5.04889973
  0.94   6.24668780
 -0.66  -1.37429314
  2.27   1.93466668
  0.65   4.30369194
  2.15   4.20709720
  1.37   3.74656736
  1.80   4.37066557
  2.69   1.95223611
  2.34   1.40333292
  0.38   2.89323583
  3.27   1.15966912
  0.51   5.00039047
  3.34   3.73809723
  0.95   0.85646729
  1.39   4.58208356
  3.30   4.68437662
 -1.71   1.71107642
  1.86   4.41362390
  0.14   4.99847061
  3.36   4.84097514
  0.63   3.41979273
  0.79   4.56609896
  0.95   3.88654440
  0.06   4.28333869
  3.08  -0.37889761
  0.17   5.59071248
  2.38   4.22802998
  0.13   5.96210171
 -1.16   4.84768993
  0.62   4.98719470
 -0.58   3.03166477
  3.04   1.40902006
 -0.34   1.80404432
  1.14   2.75968849
  0.76   3.61780741
  1.77   4.04880001
  1.03   1.35076811
  3.94   3.99097844
  3.91   0.84836592
 -0.69   5.72958927
  2.59   2.50349137
 -1.09   5.25557100
  2.50   5.86682611
  2.04   3.79872023
  2.94   1.51031333
  0.54   5.22335812
  1.26   4.09032459
 -0.05   3.71799064
 -0.16   5.13635309
 -1.16   4.64882925
  1.12   0.65572863
  0.73   2.26278412
  1.31   3.08278118
  1.59   2.77289733
  1.82   1.98574777
  2.59  -0.78033351
 -0.62  -0.03865462
  1.40   4.80941900
  2.16   0.04234548
  1.52   3.78937322
  1.15   4.25645610
  0.38   1.28404176
 -0.73   4.69876961
 -0.23   0.72564636
  1.59   1.62780483
  1.74   4.49953459
  1.13   2.89500103
 -0.75   3.93491235
  3.99   3.59538028
  0.71   2.58823862
  1.71   4.44770608
  4.43   0.09319264
  0.51   5.30578870
 -1.22   3.23706026
  0.31   4.80866141
  2.42   2.04814837
  5.08   1.15174962
  1.33   4.37128912
  3.25   0.54892383
  3.84   2.75666327
  0.48   7.15339547
  0.63   3.86288646
  3.30   3.05572104
 -0.54   4.23530777
  0.10   4.29016285
  1.28   3.80694234
 -0.72   2.72115027
  0.48   0.73852485
 -1.19   2.11373847
 -0.50   1.68548788
  1.84   1.61358065
  0.07   1.93380186
  1.79   5.06299740
 -0.34   3.41326628
  1.34   1.07104901
 -0.61   3.63485195
  2.08   2.08138518
  2.64   0.34217580
  1.88   1.87079324
  2.01   1.05745188
  2.45   3.02754126
 -0.19   5.52671771
 -0.57   2.68485586
 -0.45   3.86914620
 -0.59   2.68237490
  2.63   0.26750408
  2.09   4.23139241
  2.90   4.16903721
  2.23  -1.06782323
 -2.35   2.28591957
  0.78   1.33993746
  0.21   3.40270107
  2.00   1.27526243
  0.48   3.79087545
  2.00   4.68260512
  0.20   3.61343873
  0.55   4.86385046
  1.52   3.99083111
  2.84   3.08932263
 -0.01   3.23583192
  2.95  -0.70457494
  1.73   4.06996993
  1.84   3.70153696
  2.58   1.44330848
  2.87   4.02306335
  1.19   1.88172630
 -0.81   5.30582966
  1.43   0.40458501
  2.56   1.52071050
  2.12   6.10519687
  2.29   4.58980790
  0.82   1.67194453
  1.62   3.28391246
  3.33   5.01732834
  0.20   1.04750586
  2.09   7.35729726
  1.04   1.11748642
 -1.18   2.75610189
 -1.04   3.31957118
 -1.44   2.01969178
  1.93   6.01791427
  1.74   1.58478961
  1.95   4.00511793
  1.57   4.75025487
 -0.40   2.98802188
  1.93   3.66888273
  1.02   4.96336590
  1.34   4.84740623
 -0.06   5.84706895
  0.94   2.94078377
  1.68   2.54130388
  1.89   3.41684517
 -2.23   3.55226409
  4.44   3.29374310
  0.84   0.43403644
  0.50   2.38453539
  0.48   4.18388160
  2.62   0.71034594
  1.70   4.79495465
  1.72   2.14721179
 -1.93   5.42246288
  1.41   2.02166476
  0.83   3.08547493
 -0.12   5.97163802
 -0.15   3.92601855
 -2.31   4.54500729
 -1.41   2.79627273
 -0.67   3.88533341
 -0.69   4.56535818
  2.81   5.26083917
  0.31   4.27192944
  4.13   2.37103731
  0.59   3.41907443
 -0.90   3.90173145
  2.55   2.33403660
  2.56   4.49490435
  2.99   1.86298002
  2.10   1.15654031
 -0.05   2.12736585
  1.13   3.94533429
  1.36   3.36704544
 -1.64   2.35523151
  2.77   3.23657655
  0.29   0.87278093
  0.71   4.10573182
 -1.18   4.94249920
 -1.62   4.97464928
  2.37   3.35675023
  0.28   3.78743673
  4.80  -1.09187072
 -0.02   4.39570030
 -0.52   3.66501830
  0.85   2.55544576
  4.66   4.31913010
  1.99   0.45445405
  1.91   1.52655127
 -0.37   1.23026340
  0.26   2.00334366
  0.66   5.53532270
 -0.52   1.90584249
 -0.39   4.37338682
  0.17   3.97170778
  2.78   5.35720052
  1.68   1.82365115
  1.61   1.02320204
  1.19   2.99964468
  0.74   3.68075033
  0.82   3.73188829
  3.66   1.95284328
  2.31   2.53775389
 -1.20   5.12860704
  0.82   3.52254929
  2.08   2.55729375
  1.38   2.36179308
  0.18   2.70759051
  2.60   4.88931535
  1.93   5.65501356
 -0.87   3.36296950
  1.90   3.07797280
  1.35   3.58642743
  3.61   3.55411253
  2.32   1.83391342
  0.73   4.46760907
  1.15   1.34828181
  2.56   3.70040533
 -0.67   2.45310582
  1.93   3.46691874
 -0.19   3.64246069
  3.71   3.44397913
  0.03   1.81783804
  2.02   3.45893754
  4.28   1.44163084
  1.74   2.45225763
 -1.98   5.99974447
 -0.18   3.51933423
 -0.25   2.40358812
 -1.39   5.61942548
  1.74   0.80302803
 -1.05   2.87807007
 -1.37   5.60010013
  1.46   4.48145161
  0.24   2.60733117
  2.22   2.83672852
  2.04   2.41930449
  1.08   1.49188039
  1.03   3.85731840
  1.07   0.24720543
  1.22   4.73649626
  2.19   3.42121415
  1.93   2.31599197
  0.40   6.59643313
  0.12   3.35817245
 -1.15   3.91671384
 -0.71   4.51287100
 -1.02   0.47996389
  0.16   0.49743541
  1.61   5.95671884
  1.61   3.49073902
  3.41   3.32159235
 -0.57   2.38659748
 -0.50   8.17962284
  1.38   4.01808149
  0.70   2.96994033
  0.03   3.78052835
  0.45   3.97064487
  0.38   2.62651000
  0.86   3.54783826
  1.69   1.93864338
 -1.39   1.19064280
 -0.07   2.11615596
  1.20   3.65566171
 -2.36   3.17086361
 -1.84   5.91561261
  0.82   6.45963389
  0.68   1.17189700
  1.45   3.86873214
  0.46   3.33263293
  1.56   1.95037266
  1.60   1.00599973
  3.34   4.41719457
 -0.17   4.83878051
  2.90   0.98380184
  1.74   4.43699898
  3.81   1.40135285
  4.84   1.15873833
  0.13   4.04100681
 -0.56   2.09697847
 -0.11   3.07292635
  2.81   0.28972921
  1.00   5.65281838
  0.54   5.08299684
  0.51   1.37482612
 -0.18   2.44016243
  1.50   0.67841420
  1.58   1.33148821
  1.00   2.30491710
  0.55   4.41973745
  1.06   4.98380760
  0.56   4.73953989
 -0.26   3.51475763
 -0.06   3.56756940
  1.76   2.53437246
  1.46   5.91062346
  0.86   3.76897045
  0.44   1.80688930
 -0.46   4.37699073
  1.52   5.76308671
  4.38   1.83724656
  1.63   3.78176871
  0.14   2.39107323
  1.92   3.80844371
  1.32   3.06532573
 -0.34   4.08720463
 -0.16   2.83465552
 -2.57   4.09393963
  4.00   0.46613164
 -0.95   1.70432939
  3.91   2.83168281
  2.07   3.25827451
  1.92   2.09817768
 -0.39   4.21762230
 -1.18   3.97784575
  0.95   2.84519719
  3.14   0.55499723
 -2.29   1.16770408
 -0.25   2.83657250
  0.59   2.83769443
  1.50   1.61472646
 -2.14   4.31295712
 -1.10   3.55739029
  1.09   4.31729291
  0.71   1.23111600
  0.87   1.79625687
  2.40   1.32728565
  1.65   0.56036527
 -0.04   2.98444677
  2.55   3.00921865
  2.21   1.36120433
  3.50   1.34126130
  0.75   2.45067876
 -1.20   4.55458381
  0.07   1.25244668
  1.44   6.82658201
 -0.56   1.70950325
  1.23   4.38287190
  0.77   2.92319692
  1.21   5.73226603
  3.11   0.76810076
  1.52   3.31226939
  2.57  -0.13290181
  0.32   0.26200125
 -0.85   5.58353737
  0.44   3.29847160
 -0.95   2.09894980
  0.25   1.99200169
  2.54   0.84558852
 -0.99   4.14144874
  1.14   2.93316500
  0.14   2.53125254
 -0.20   6.68395527
  3.01   0.51999728
  3.53   4.38461266
  0.13   1.79472742
 -0.39   0.38334906
 -0.88   4.78943073
  0.91   3.00753063
  0.39   2.81983786
 -0.08   4.21007452
  1.90   3.67476442
  0.36   5.89655921
  2.43   2.36975946
 -0.06   1.62801701
  0.19   1.39238210
  3.43   1.09272494
  0.01   4.28040574
 -0.56   2.13289212
  1.57   5.28984054
  2.00   0.92653809
  0.18   5.26094558
  0.49   4.46069155
  1.17   1.57166355
  4.54   0.52250447
 -0.53   2.80724834
  1.77   1.91937323
 -0.03   4.46472960
  2.15   2.81834664
 -1.42   3.56956900
  0.86   2.83422922
  0.19   3.57029291
 -0.86   4.27649233
  1.07   3.17823611
 -0.40   4.51415255
 -0.41   4.08399307
  1.64   1.05116458
  1.92   3.03287126
  0.24   3.09194668
 -0.90   3.07270261
  2.55   2.55030850
  2.35   1.28316909
  1.49   1.29967130
  0.44   1.45982410
  2.22   3.87568294
  1.72   1.18842716
  3.12  -0.78958514
  0.15   3.41363383
  3.23   4.63502719
 -0.71   5.30648848
 -0.15   5.62965499
  0.41   3.99012771
  1.00   6.02705140
  0.98   3.71444613
  1.98   1.59187835
  3.25   4.29191511
  3.10   0.95059885
  1.69   3.11599481
 -1.17   1.88523934
  1.05   2.87011527
 -0.23   5.20691846
  3.08   3.81692610
  0.91   3.50981463
  2.17   4.52433676
 -3.04   4.39297213
  0.31   5.06461102
  2.01   2.91731803
  0.04   1.90834741
 -0.24   2.91514390
  2.20   0.11703804
 -0.58   3.38748527
  1.03   3.31084607
  0.42   2.07497073
 -0.24   2.43839414
  3.75   4.60585982
  2.12   2.31846520
  0.00   5.20939644
 -0.16   2.57676529
  0.63   3.50170835
  2.27   3.09014882
  4.76   4.02800254
  1.81   2.04837367
 -2.79   2.45433865
  1.02   4.28842753
  1.56   5.35771833
  0.55   6.34469883
  2.07   2.83769148
  1.26   0.69143047
  2.78   3.91600186
 -0.20   2.86796917
  2.66   3.39692017
 -1.12   3.99448565
 -0.96   2.08093397
  4.86   1.07649516
 -0.40   3.58069809
  1.86   2.25820817
 -0.59   5.06049888
  1.13   3.50138071
  1.18   1.16605849
  1.46   2.39412768
  0.12   1.70009248
  2.30   3.47083655
  1.97   4.14489936
  2.51   2.84611766
 -0.61   3.15751534
  2.40   0.01058448
  0.57  -0.49159598
 -0.13   5.31878472
 -0.08   2.01390465
 -3.24   6.20800308
  1.72   4.55800164
  0.75   2.24146953
  0.62   2.80820666
  2.94   0.82946346
 -0.43   4.86082840
  6.04  -0.09855378
  1.26   2.38251743
 -0.93   1.06119513
  3.42   1.95758799
  3.10   1.11466179
 -0.22   4.04933285
  4.04   2.51806861
  0.61   1.02690763
 -0.95   3.03021190
  1.48   1.01244776
  0.11   5.77522552
 -0.64   2.06722872
 -0.08   2.42072897
  2.46   2.48292968
 -0.73   0.93600674
  2.05   2.13640476
  0.93   2.42038392
 -0.88   4.15350424
 -2.91   2.31659630
  3.90   1.10741229
 -0.85   4.25850803
 -0.27   5.25608161
  2.14   4.92077148
 -1.08   4.29565754
 -0.67   5.18987075
 -2.02   5.52818511
  0.19   3.73227690
  0.39   1.02359625
  3.25   3.21699494
 -0.69   4.65482820
  0.14   3.90499316
  0.58   4.17817851
 -0.71   3.74152171
  1.87   3.23218534
 -0.47   2.16381603
  4.95  -0.30322310
  0.74   2.24219040
  1.25   3.03664115
  2.20   1.59503725
  0.17   1.42789216
  1.47   3.01359831
 -1.94   3.98290595
  0.89   0.15373516
 -0.88   4.81482877
  0.97   2.76777049
  2.90   3.77910441
  2.01   3.48196721
  1.89   1.68210335
 -0.39   6.22451001
  2.72   5.15095768
  1.57   0.41544360
  2.51   3.76990435
 -2.17   4.10417610
 -2.02   4.81484316
  1.16   3.96762462
  0.36   2.95264579
  3.24   1.32370494
  1.04   2.13845654
  3.58   3.49322436
  2.62   3.56735128
  0.65   1.59889307
 -1.61   6.72367265
 -0.52   2.95638858
  0.36   1.07026164
  0.24   1.30914277
  0.21   4.80414273
  2.63   2.75709276
  0.40   4.97272190
  0.00   1.10075410
  1.48   3.47983989
  1.05   5.06176465
  1.31   1.45636507
  1.21   2.77377237
  3.51   0.81745945
  3.33   1.91020144
  0.03   3.76290627
 -1.05   2.23907157
  1.86   0.78275402
  1.15   3.66958516
  2.58   0.63623531
 -0.36   3.62220226
  1.16   2.67667798
 -1.10   4.14680252
 -0.53   3.23481447
 -0.32   0.97064278
  1.39   2.73341234
 -0.65   3.40244553
  1.49   3.35865861
 -0.93   0.98894171
  0.26   1.51270979
 -0.32   4.36315388
  2.40   2.76588700
 -1.42   4.66440021
 -0.93   2.02241695
  0.97   2.93409277
 -0.15   3.69430292
 -0.57   3.76946786
  0.23   3.89954580
 -1.07   6.86236294
  1.29   5.22490325
  1.84   4.93773469
  4.43   2.43018861
  1.33   4.30175578
  1.79   4.40354763
  1.69   0.86424229
  1.78   5.09900116
  1.86   0.23262981
  0.58   1.02347794
  2.27   0.51987377
  0.78   3.29788491
  0.39   2.13821361
  0.56   4.78674411
  4.40   2.58595874
 -1.73   3.58522350
  2.43   4.32963601
  3.07   2.48067637
  0.50   5.46234944
 -1.62   4.23477479
  4.10  -0.40461029
  1.66   1.87381411
  0.38   2.61502861
  1.60   3.87603652
 -1.25   1.06957667
  2.67   6.32523861
  2.63   3.76620744
  2.04   4.25176158
  3.05   3.44818769
 -0.42   5.10687137
 -1.57   2.39464497
  3.69   2.59384641
  0.17   2.89452747
  4.02   6.02439129
 -2.03   5.17753663
  0.42   1.49662988
  1.17   1.17139355
 -0.01   1.21096144
 -1.06   2.20772037
 -0.24   2.89187292
  2.46   3.95470707
  0.06   5.58782991
  0.78   2.84749551
 -1.09   3.33961282
  1.75   3.31862358
 -0.78   2.81663275
  2.16   1.41554272
  1.96   1.40587577
  0.74   2.67626755
 -0.03   4.74582402
  2.97   4.90838763
 -0.43   3.11827155
  0.07   5.83012718
 -0.95   3.53461373
  1.00   4.15419202
 -0.29   4.85331254
  1.86   0.61935329
 -2.04   3.90801864
 -2.27   3.20915964
 -1.25   4.23472500
 -1.85   3.43826773
  0.27   5.04538211
  1.81   3.88177663
 -0.75   2.23193773
 -1.49   5.82754281
  3.53   2.94420468
 -0.49   2.15288349
  0.33   5.59412164
  0.65   3.06072751
  0.55   2.80870688
 -2.15   5.83865640
 -0.78   2.67220858
  3.00  -0.83281164
 -0.49   5.65686137
  1.29   3.53946831
  1.88   2.23860000
  5.45   1.16775112
  0.20   3.11881444
  0.04   1.45140546
  0.99   4.79946060
 -2.28   3.24057205
  2.50   3.84358644
  0.61   4.22455522
  0.57   5.60070804
  3.91   1.93980504
  2.52   2.44430227
  3.09   0.45532030
  3.11   3.82766379
  2.75   1.04145906
  2.89   1.00124332
  1.59   2.48990906
 -0.22   1.00519421
 -2.02   3.96330759
  4.61  -0.26959924
  1.28   3.51513905
 -1.90   4.48454788
  1.42  -0.18968088
  2.45   3.42473896
  0.47   3.27697282
  3.22   3.86540048
  3.27   0.69518787
  0.87   0.65005362
  2.51   1.78913078
 -2.51   2.88805146
  2.45   2.36176829
 -0.43   4.38449120
  2.41  -0.78569613
  0.90   1.54514645
  1.36   1.60193758
  2.95   1.43921314
  1.32   3.33903706
  0.98   2.44228281
  1.69   4.17679902
  1.78   1.73326944
  2.00   2.43097436
 -1.21   1.72002360
  2.14   4.29424377
  0.79   1.74123524
  2.31   4.05613738
 -0.67   4.72441384
  2.15   1.37280467
  1.49   2.69598995
  0.73   4.75951840
 -1.44   5.36052301
  0.79   2.47579351
  3.93   1.83945881
  3.17   1.65015147
 -0.54   4.67742412
  2.26   1.47543646
 -0.26   1.31174526
  0.30   2.50606661
  5.47   2.58586067
 -0.55   5.35679081
  0.93   3.47860409
  3.29   2.86153955
  2.41   3.09807460
 -1.16   4.92061421
 -1.06   4.60397575
  1.23   5.05305319
 -2.21   5.69934063
  3.26   4.00798642
  2.18   1.79852205
  1.47   4.44313610
  1.80   2.24774891
  1.51   1.28242738
  2.22   2.60745717
  0.66   2.18239391
  0.76   1.80385798
  0.46   0.99727683
  3.12   2.54387022
  0.60   1.31888094
  0.33   4.34093888
 -0.33   1.43339204
  1.69   2.17311643
 -1.39   1.31833461
  0.56   4.43330705
 -0.31   2.43823395
  2.58   3.23958801
  2.67   2.76311262
  2.06   4.55319643
  1.22   4.62447708
 -1.19   5.43100284
  0.35   2.70079255
  0.05   2.64714303
  1.19   0.66859786
 -0.46   1.14329013
  3.38   3.96948948
 -1.01   4.01948511
 -0.87   2.80580977
  1.60   3.26998852
  0.22   4.27672703
  0.68   4.94816386
  2.75   4.04768352
 -1.38   6.98068592
  1.78   2.22323538
  0.72   4.03743074
  4.83   0.18092370
  3.70   1.71358215
  2.89   0.79053995
 -0.22   1.98556506
  0.33   4.26042391
  2.91   5.12391978
  0.24   4.82677524
  2.22  -1.19288854
  3.89   4.38801903
  0.87   4.40535126
 -0.02   0.72496913
  1.84   4.93166515
  2.85   0.91610913
  1.33   3.40655105
 -1.13   2.40003304
  1.71   2.33856321
  2.96   3.06785237
 -0.58   3.94961675
 -0.46   1.62137278
  3.16   1.19265300
  0.80   1.72900113
  0.26   3.42887977
  0.37   1.09759105
 -0.54   4.41154903
 -0.41   4.40070219
  1.09   3.74727669
  2.95   2.60448014
  0.03   3.39448171
 -0.51   4.93911115
  3.30   3.54862303
  1.54   0.80569169
  0.42   5.63889063
  2.83   2.69769990
  0.29   2.05371227
 -1.25   4.90295042
 -0.27   2.30477611
 -0.01   3.38982636
  2.31   2.04345008
 -0.88   2.70891289
  1.80   2.40849092
  0.99   3.11288711
  0.37   0.71163222
  1.74   4.18175883
 -0.18   2.86327396
 -0.63   5.22939026
  0.75   4.59740960
 -1.62   5.86339517
  1.68   1.90065803
  1.35   1.78525077
  1.76   1.38831849
  1.48   4.24861305
  3.68   3.10562978
 -1.36   1.75169193
  2.19   1.76970819
 -0.36   4.42587803
  2.02   2.73981221
  1.17   5.11916285
 -0.24   4.68697608
  2.67   1.55701355
  2.86   3.36056776
  0.50   4.60256794
  1.44   2.10797359
 -1.15   3.47814982
  1.01   2.01556881
  2.06   2.90350370
  2.33   4.31670159
  2.20   1.28601469
  0.02   5.40674359
  0.84   3.32355757
  3.80   1.45325245
 -0.68   4.59607063
  2.32   0.43482502
  2.06   4.15851035
  4.92   2.14358546
  3.31   2.46557429
  2.49   0.39622865
  0.35   3.36067504
  0.11   3.20090072
  1.22   4.89062969
 -2.42   4.68390449
  0.52   2.29080712
  2.53   2.63463627
  0.39   2.46355437
  2.35   3.68475011
  1.52   4.06272704
  0.25   1.90832247
 -1.51   2.17980279
  3.12   3.80956613
  3.16   2.52456526
  1.32   4.93121467
  1.09   4.03686920
  1.21   6.31509767
  1.29   2.00485312
 -0.02   4.36294989
 -1.12   3.90295339
  1.59   5.73042416
  0.31   4.00189164
  2.89   2.69423327
  0.41   3.95439931
  1.99   2.13478881
  0.84   1.69371110
  1.06   3.49727590
  2.71   1.84306220
 -0.30   1.17014192
 -0.39   3.86469128
  3.32   2.28456299
 -0.61   2.93603679
  1.55   0.76730179
 -0.75   5.28359948
  0.49   3.65427670
 -0.22   0.75285423
  2.24  -0.16456461
  0.44   3.45756247
  1.62   2.01818923
  1.65   1.45712905
  2.19   3.17495631
 -0.05   1.39689323
  0.29   4.70162480
  1.93   4.00942435
  0.16   3.72599763
  1.78   2.99617516
  2.87   3.49318218
 -1.03   1.57892773
 -0.59   1.48200479
 -0.31   3.29252836
  1.38   2.08879208
  2.13   4.01758276
  2.18   4.42459526
  0.34   4.05685186
  2.77   4.49156852
  0.52   4.55976311
  1.48   2.93878410
 -0.73   3.01849904
 -0.73   2.92927088
  1.38  -0.08510943
 -1.34   2.61067945
  1.16   1.34844323
  1.22   3.52072119
  3.33   3.10042059
  2.74   3.76303629
  0.92   3.94993027
  1.25   5.85601058
  2.50   5.55694514
  1.90   0.28159950
 -0.40   1.57863898
  1.95   2.36889704
  2.71   3.01244558
  3.24   4.61240517
 -0.24   5.21049222
  1.87   4.16727891
  2.71   1.13669417
 -1.53   3.66586704
 -0.38   3.79556652
  2.75  -0.20327253
  0.43   5.42593653
 -0.70   3.33692484
  2.58   3.78738013
  2.96   1.36449338
  0.03   3.06639745
  4.57   0.18270389
 -0.62   1.28942600
  2.58   1.75349798
  4.31   3.59603097
 -0.84   1.02745941
  0.71   2.32678766
  1.09   3.24633166
  3.05   4.28669586
 -1.86   4.47008047
  1.63   3.11177233
  0.37   0.76925733
  2.08   3.64873975
 -1.42   4.15573939
  0.69   3.60442307
  1.88   3.45310514
  0.36   3.60969153
  0.14   4.41274959
 -1.29  -0.01159630
  1.26   1.89417007
  3.95   1.58353147
 -1.30   5.14193233
 -0.99   1.45734113
 -0.87   1.52015443
 -1.01   6.35620378
  0.26   3.59683954
  0.45   3.66559790
  3.04   4.76194329
  2.97   6.01305533
 -0.22   3.50463007
  2.54   4.82128283
  0.29   2.41029810
 -1.23   5.86842041
 -0.12   1.20454479
  2.48   1.89418860
  1.10   1.88454308
  2.12   2.06697540
  3.24   0.38009978
 -0.17   1.08035122
  2.48   2.57888462
 -2.24   3.54528795
 -0.02   3.31905092
  2.47   3.15244026
 -0.31   5.58030060
  0.64   0.98888027
 -2.26   4.87928108
  0.85   2.93219724
  1.90   1.01879551
 -1.22   1.45805638
  3.67   0.32573307
  0.28   6.13739139
  1.02   3.49766621
  2.90   0.81945839
  2.37   4.76128171
  3.32   1.23311265
  4.45   2.42325816
  2.66   5.66010111
 -1.17   5.66719909
  0.12   4.25807770
  1.92   1.82234048
 -1.65   5.08959813
  1.35   3.18367638
  1.91   2.41836628
  0.37   3.09220949
  1.82   4.98157221
  0.98   2.99179367
 -1.61   3.54021414
  0.68   3.88693601
  2.79   3.65107881
  0.50   2.07762186
  0.76   5.79313190
 -0.03   3.61560624
  1.90   2.68028925
 -1.16   2.05183440
  0.65   2.87238039
 -1.73   1.63655809
  2.64   0.77998269
 -1.01  -0.57899776
  0.83   2.64852241
  4.66   1.46621037
  0.65   3.45690304
  1.52   2.90434923
  0.50   2.04302487
  2.30   4.57912112
 -1.18   4.04862285
  2.05   3.25726872
 -0.51   5.88394591
  1.21   4.93047229
  1.03   1.23113629
 -0.81   2.40338864
  1.58   1.19252019
  2.30   0.60087585
 -0.08   2.01700065
  0.57   1.43498620
  0.74   3.68447136
  1.81   2.67478800
  0.12   0.88310894
  1.07   2.48798259
 -1.91   2.17491489
  1.28   5.73428873
  2.72  -0.22183410
  3.16   1.23762445
 -1.01   4.52362561
 -0.81   5.21762455
  0.77   3.99480894
  1.69   0.10970788
  2.63   4.51283321
  0.44   2.84110442
 -0.28   1.97385013
 -0.81   3.61583025
  2.78   3.69547132
  2.97   3.47527807
  0.06   2.02580629
  3.05   0.39781995
  2.65   0.08293264
  3.25   3.67599944
  1.45   2.59404526
 -0.09   3.75491100
  2.28   3.62126921
  0.63   3.23166610
 -0.18   3.41406662
  2.20   3.19502970
  1.05   2.16362042
 -0.30   1.24014288
  2.64   2.05096720
  0.70   2.89422585
  1.46   1.70084935
  3.35   2.52231558
  2.27   4.04435406
 -2.10   4.33102152
  0.80   3.60627788
  2.69   1.92629962
 -0.64   2.66548779
 -0.97   2.20358525
  1.71   3.70662673
 -2.07   6.17931791
  1.66   3.37564792
 -2.36   5.07298067
 -0.74   0.46111253
  3.23   0.95100304
  1.26   1.75137732
  2.02   6.15543157
 -0.94   2.09581240
  0.38   3.20307497
  2.32   0.04378873
  0.99   3.88263994
  0.18   2.86052809
  1.31   2.98847677
 -0.36   2.87730569
  2.22   3.81227361
 -0.26   0.50714869
 -0.31   2.08674103
  0.06   0.17750398
 -0.72   5.62540606
  2.68   0.62487645
  0.63   1.66083395
  2.92   1.62690166
  0.96   1.66470448
  0.27   2.72346991
  2.80   3.49129908
  2.42   0.05599660
  2.37   1.60104321
  2.63   0.78471978
  2.13   4.00071670
  0.64   3.74219435
 -2.45   2.30723702
  2.39   1.24621037
  2.67   3.32236757
  0.91   4.12363130
  0.95   3.34856019
 -0.20   4.76412661
  0.23   2.53555994
 -0.49   4.98586918
  1.36   4.35833321
 -1.43   3.96575824
  0.11   2.88621029
  1.87   4.34450304
  2.70  -0.15196444
 -0.88   3.22922164
  0.41   3.88799128
 -1.24   5.60678248
  1.02   4.41447394
  1.10   4.14705536
  0.16   3.05930130
  1.45   3.22306029
  0.19   5.08090400
 -1.02   1.60776919
  3.83   3.59717529
 -0.20   2.42327259
  3.28   2.26391722
 -0.70   2.34324744
  2.48   0.89615080
 -1.04   4.25539145
  1.35   2.58425726
  3.15   3.87373880
 -1.22   1.69265319
  2.56   3.07974762
  0.50   5.70050473
 -1.98   4.65619550
  0.75   3.75216247
 -0.11   5.42497195
  2.71   3.97531446
 -1.55   0.91676649
  0.04   5.51002137
  2.86   2.40761131
  0.71   3.78307076
 -2.21   3.11297679
 -0.59   2.21054698
 -2.30   3.47550228
  0.13   3.45211322
  2.67   4.28120630
  1.13   0.44980650
  1.49   3.11379943
  1.47   5.33895018
  1.75   3.71462693
