  3.53  -0.87295300
  3.83  -0.28736421
  5.36   2.09304116
  2.79   1.39051498
  3.88   2.52904664
  2.66  -1.71691628
  2.92  -0.61504179
  4.23   1.69827121
  0.98  -2.60766834
  1.37   0.19703166
  1.96   0.03968344
  1.63  -3.84008336
  6.08   3.27077089
  2.45  -1.68157613
  4.35  -0.18681210
  7.17   3.23995950
 -1.08  -0.41724082
  4.21  -0.11587978
  1.24  -2.01568384
  2.17   1.73997903
  3.63  -0.39673788
  4.21   0.28726961
  4.79   0.67232162
  1.91  -1.61370653
  3.07   1.84289120
  3.03   0.89012527
  3.09  -1.49782611
  4.26   1.57052197
  0.76  -1.57189165
  1.83  -0.74550370
  1.24  -1.22840830
  2.82   0.33715817
  5.75  -0.48773364
  4.56   2.85333330
 -1.10  -1.73593121
  5.14  -1.09882637
  4.29  -0.22210376
  1.52  -2.26750194
  3.46  -0.18598709
  4.91   0.42267636
  6.25   0.05576962
  3.00  -1.17016356
  4.13  -1.69645611
  4.71  -1.12793559
  2.42   1.32404559
  1.30  -0.53054532
  4.71  -0.84879027
  5.34   2.16824852
  6.25   0.86313245
  2.07   0.99185630
  2.96  -0.54213003
  3.72   1.70501293
  3.44  -4.77205674
  5.33   1.32676693
  2.86   0.24165259
  4.79   0.88056337
  3.64  -0.93519178
  2.34  -1.49537820
  3.58   1.28256988
  2.98   1.59969458
  4.47   1.24099681
  4.50   2.87869238
  4.83   0.95300329
  5.05  -1.96515168
  4.09   2.83413721
  3.95   0.72750912
  3.93   3.11577881
  3.53  -0.64098401
  6.75   1.23361284
  4.45   0.39389305
  1.76   0.91481192
  5.01  -0.85560706
  3.75  -1.20044649
  3.90   1.73135374
  6.67   4.24881233
  3.99   0.55559021
  5.65   1.92825129
  5.07   2.80768710
  4.10  -0.06289563
  1.94  -1.17858444
  4.87   1.80777900
  3.67  -0.11809033
  2.75   1.30535437
  3.08   0.11944581
  6.10   1.04372697
  5.30   2.34307501
  0.93  -2.06144512
  2.27   1.37659541
 -0.18  -1.78464327
  4.62   1.50581669
  3.51  -0.16441397
  6.28   0.78178965
 -0.46  -0.64952094
  4.72   0.71721185
  4.07  -2.46930587
  6.28   0.16693032
  1.13   0.94722857
  3.62   3.15194946
  6.20   0.18329186
  3.05   0.69002332
  4.40   2.72239115
  4.90  -0.37344881
  4.73  -0.64690489
  5.11   1.56054787
  1.19   0.37039595
  2.49   0.24624483
  5.54   1.40021094
  3.56   0.06318887
  4.58  -1.20792320
  5.06   0.83616820
  3.69  -0.14789363
  2.63  -0.44508015
  1.90  -1.81079310
  3.62  -0.28360104
  3.10  -0.85477714
  5.56   0.53737888
  3.37   0.77076751
  0.88  -1.08667056
  1.58  -1.64579905
  4.48   0.01348671
  1.85   1.10032453
  5.82   3.80483855
 -0.06  -2.92648318
  1.69  -3.06280456
  3.60  -3.29225380
  5.34   2.45277695
  3.98   0.01114097
  3.05   0.50485929
  3.02   2.57961704
  2.45  -2.51582169
  4.60   2.36576173
  4.34   2.10728066
  4.07   2.39761490
  3.01  -1.42544913
  0.91  -2.33510001
  1.23   0.06786036
  3.52   0.42604386
  5.55   2.41023831
  3.23  -0.06501942
  3.67   0.36002234
  3.52  -0.76045972
  4.76   0.32900750
  3.95   2.69797765
  3.08  -1.32274919
  6.85   1.85150184
  3.49  -2.09976162
  3.80   0.55595123
  1.37   0.71362876
  4.37   1.75424611
  5.17  -2.15573665
  0.63   0.22595905
  5.45   1.22254820
  2.79   2.39270260
  0.99   0.11479287
  0.54  -0.58797022
  3.54  -2.62103273
  1.22   0.12053283
  3.13   1.93688770
  5.88   1.04441870
  2.34   1.70242486
  4.61   2.04900993
  4.92   1.94978301
  3.00  -0.98035970
  4.32   0.84731761
  5.27  -1.34772392
  5.14   0.86077153
  4.41   0.78571949
  5.80   0.58944833
  4.07   0.15374051
  1.92   2.72225235
  5.43  -0.18423812
  5.52   0.07680870
  1.78  -1.03649721
  4.28   2.82451163
  3.65  -0.82778767
  1.84   1.74879814
  2.66  -0.34837523
  3.08  -0.08536536
  2.85   0.85917800
  1.53   0.47520614
  5.09  -0.36779271
 -0.45  -1.61441820
  1.95  -2.14115343
  2.85   1.43119880
  6.74   1.28582285
  6.00  -1.09903799
  3.75   0.64188857
  1.13  -1.80179200
  2.69   1.82864104
  1.62  -0.61478601
  3.31  -0.19042173
  6.22   1.00524893
  7.53   1.72969293
  1.08   0.03899347
  3.65  -1.93986767
  4.39   1.45079716
  2.23  -1.27314641
  5.00  -0.39488803
  3.46  -0.62782471
  8.82   5.93074962
  2.61  -0.82421214
  4.53   0.69371559
  0.38  -4.09072052
  7.70   1.62975005
  1.65   2.56339770
  5.48   4.33877509
  2.68  -1.06585567
  2.66   1.34670500
  5.30   0.47591236
  5.85   2.06305505
  2.79  -0.96438297
  3.96   1.18051313
  6.18   2.12551908
  5.96   2.21354353
  2.25  -1.26109121
  6.60   1.48944190
  2.79   0.88946877
  3.35  -0.81235422
  2.31  -1.91079573
  6.06   3.35493395
  6.51   1.81627506
  3.23   0.20942671
  0.51  -1.19965484
  4.22   0.88299546
  4.18   1.20850967
  6.44   4.13219416
  4.62  -0.59429241
  1.30  -2.02140825
  3.34  -0.41592978
  3.84   1.92498287
  1.86  -2.16457773
  1.71   0.46643462
  2.58  -1.77023219
  1.49  -0.18529839
  0.98   0.24853054
  3.36   0.37655542
  5.51   6.64009943
  4.04   1.16801355
  2.78  -2.33364464
  6.11   3.37840740
  2.78  -1.84498618
  2.84   0.37922814
  5.60   1.67357987
  4.48   2.32579881
  4.39   0.63354945
  5.38   0.50196128
  2.28  -3.19166002
  4.11   0.90273954
  1.85  -0.30662702
  2.31  -1.10395715
  6.95  -1.21230458
  1.07  -0.20792733
  4.09   0.24150539
  4.67  -1.83949056
  7.66   3.00753013
  2.90   2.72491500
  4.27  -0.06733312
  5.38   0.62945266
  3.15  -3.97941595
  6.07   3.59183016
  1.56   1.30594983
  1.54   0.13528369
  1.46  -0.88746967
  3.61  -0.91094632
  5.09  -2.50440399
  6.54   3.13824540
  3.54  -0.76113017
  1.78  -0.12482612
  1.23  -1.53613165
  3.59   0.14505018
  2.63  -1.91647938
  4.15   1.71432055
  3.36  -2.73032177
  1.61   0.76158637
  4.06   0.23101080
  2.93   1.12914205
  5.13   1.35698985
  3.66   0.25667845
  1.44  -0.71409555
  3.88  -2.05554781
  4.51   1.27751458
  4.92   0.08767647
  4.15   0.86696685
  1.64   0.43758307
  3.48   0.54719134
  1.26  -1.57741809
  4.38  -1.02491517
  0.59   1.09369115
  3.75   0.20566097
  5.93   3.24453991
  2.52   1.83897415
  1.11   2.20709270
  1.08  -0.09218518
  0.41  -1.87662947
  4.65  -4.05735256
  0.30   0.54833167
  3.05  -0.02336078
  5.50   2.27214901
  6.82   1.86485857
  2.29  -0.77371935
  4.56   0.66875023
  5.47   2.44169709
  1.46   0.12007467
  0.98  -2.02008384
  5.27   2.48191820
  3.14   0.56464149
  6.08  -0.00536026
  4.25  -3.24162125
  2.64   1.07148312
 -0.74  -1.91539621
  1.82   1.03234791
  3.57  -0.00675654
  1.90  -1.47724945
  2.96  -2.18600053
  4.45   1.57706507
  7.39   2.14429453
  4.96   0.57629619
  3.37   0.73692844
  4.57   3.17819203
  4.98   2.86027663
  4.64  -0.18099220
  3.13   1.48408662
  2.77   1.35718443
  2.98   1.17558597
  5.08  -0.47038822
  2.14  -1.73966583
  4.35  -0.53968281
  5.19   1.32419198
  2.68  -0.80206466
  2.14  -1.67384270
  0.93   0.23947837
  4.04   1.58262808
  4.08   2.36362933
  3.02   0.26527087
  4.11  -1.92031480
  2.28  -1.07007986
  5.01   0.09395543
  2.97   0.08271176
  4.15   3.62807597
  2.64   0.75778891
  3.87   1.12743035
 -0.50  -2.45831798
  4.58  -0.28081141
  4.55   0.94170061
  4.77   1.83862267
  5.20   1.73728188
  1.31  -0.49895847
  4.86   1.98810359
  7.28   4.01530128
  2.00   0.10469692
  1.11   0.04846627
 -0.10   0.33238589
  0.42  -0.62405607
  2.10  -0.14205711
  3.61  -0.24414928
  5.15   0.07731667
  3.15   1.54082547
  1.55  -0.97135093
  1.40  -3.26882812
  4.98   3.26206009
  5.41  -0.86681049
  3.16   1.05178458
 -1.54  -4.40748803
  3.89   0.60662415
  1.65   0.48774797
  3.18  -1.42131173
  3.11  -1.05431555
  2.86  -0.71404401
  6.23   0.47542845
  5.96   2.15495842
  3.84   0.56802780
  6.85   3.12741071
  3.29  -0.26772718
  2.75  -1.03659967
  4.39   0.83582878
  6.08   2.03668407
  4.81   0.59924539
  3.37   0.53048783
  1.45   0.46528715
  2.50   1.58886523
  1.78  -0.68235006
  5.68   1.64534764
  1.68   0.21309590
  4.58   3.75316972
  3.34  -0.12662026
  3.58  -0.11855328
  4.66   3.29043396
  4.95   1.87948880
  4.18   1.86786968
  2.51   2.79674667
  3.10   0.59690120
  3.75   0.93049497
  3.79   1.16823155
  4.96  -0.22734458
  5.04   4.22012854
  3.62  -1.36890688
  0.23  -1.54219588
  3.78  -0.68589889
  0.19   0.37688710
  5.93   2.10690764
  2.37  -0.80075449
  0.30   0.12626036
  4.13   1.13420221
  3.35   1.55650614
  2.05   0.43138487
  1.79   0.85569076
  3.43   1.73516321
  3.70   2.78390062
  4.17   1.28325659
  1.68   0.52187886
  3.21   0.97526936
  1.94   1.67559076
  2.89   0.86191249
  2.94  -0.17553023
  3.01   2.24129400
  1.31  -3.74043192
  4.18   0.92314707
  5.42   1.72282385
  6.76   0.85158008
  1.46  -1.16109485
  6.11   2.31533661
  1.17  -0.23287937
  7.70   3.27110265
  5.15   2.56580794
  1.44   0.84710485
  5.24  -0.44322587
  3.29  -2.33049534
  2.43   1.16230440
  2.86  -1.26743745
  3.53   1.40201192
  2.54   0.00972451
  2.30   0.59964763
  3.32   2.40211856
  3.73   1.30028309
  4.96   0.71457044
  5.22   2.53855146
  4.07   1.10185525
  1.38   0.17339502
  4.71   3.01880839
  4.48  -0.89940203
 -0.13  -3.24656531
  1.98  -0.34742875
  4.47  -0.20864092
  4.38   0.30123214
  5.15   3.62261632
  4.57   1.91496847
  3.69   2.83152311
  5.80   2.48897407
  3.46   1.45043461
 -4.49  -4.01360244
  3.17   1.29193686
  4.52   0.74842081
  0.81  -0.65395553
  5.82   2.56597679
  1.87  -0.23618384
  3.53   0.83171409
  5.19   4.22263260
  2.37   0.27811776
  3.87   0.01281515
  2.97  -0.31981501
  1.72  -0.21616396
  3.27   0.95565750
  2.34  -1.52126442
  3.04  -1.38554095
  3.17   1.31080029
  3.45   0.96282210
  2.72  -0.91933031
  5.15   3.23727828
  4.98   0.62874468
  3.67   0.77347187
  3.11   1.62364561
  5.77   1.50637489
  1.48   1.75085748
  2.77  -0.40368419
  4.25   0.68631028
  2.23   0.63555838
  6.36   1.70748360
  2.39  -1.76908015
  3.84   1.84180294
  3.44  -2.35539836
  5.48   1.29221875
  4.93   1.44483806
  5.02   3.84810272
  1.84  -3.12965839
  1.57   1.06287464
  3.62   1.54273082
  1.00   0.10549030
  5.88   1.97304046
  2.99   0.25411031
  6.04   0.55194271
  5.93   2.73390434
  5.15   2.66216485
  4.82   0.94551601
  3.43  -2.10112972
  5.49   0.90624009
  4.52   1.04419292
  1.95  -0.44040173
  5.41   1.26719252
  3.67   0.33679903
  4.00   2.51058658
  6.23   2.14958488
  2.46   2.00611373
  4.45   1.95174346
  3.69   1.01776629
  0.54   0.09586471
  4.01  -0.79328267
 -0.15  -1.31277402
  2.51   2.59989327
  3.45  -0.56274399
  4.11  -0.02005430
  4.70   0.98185092
  1.91   0.69586281
  1.61  -0.63065683
  4.47   2.01489073
  1.57   1.98795976
  3.62  -0.65203353
  1.77  -0.75173148
  2.42   0.14238379
  2.79  -0.10134933
  2.50   2.24815510
  3.64   1.22321895
  4.19   2.74263556
  2.91   3.30891325
  1.63   0.23719521
  3.90  -0.49642353
  4.59   0.76261144
  2.27  -1.13555883
  3.25   0.00872439
  5.39  -2.33801290
  2.89   1.45162151
  7.52  -1.16674733
  5.07  -0.32844179
  3.48  -0.03241779
  4.99   2.37266141
  3.16   1.36290198
  0.24  -4.14138734
  5.07  -0.09194660
  5.58   0.98628460
  3.20  -1.54159060
  4.66   0.95400466
  1.27  -0.94711115
  1.90   0.41031697
  7.06   0.97687257
  4.01   0.82099524
  1.87  -0.19213658
  3.32   0.67106804
  2.56   0.65931224
  6.15   1.48507027
  3.21   1.38693258
  4.37   2.69718531
  3.17  -0.42551121
  3.58   0.74256916
  1.91   0.50815906
  1.59  -1.61031905
  3.50  -0.95006826
  2.22  -0.68360847
  5.27  -1.80752573
  2.61   2.83620577
  4.88   1.77957429
  3.48   2.76949396
  2.20   2.65303849
  5.26   0.32302084
  6.37   5.02635330
  8.42   3.73833166
  3.98   1.24513588
  3.04  -2.12619534
  5.32  -0.71086528
  2.60  -1.79842373
  5.00  -0.83013764
  1.98  -1.21046438
  7.20   3.47120992
  3.78   1.93382517
  1.41   0.11361443
  2.98  -2.62442238
  4.86   1.44319572
  3.82  -0.03776925
  5.43   2.28561164
  2.37  -1.27606590
  5.89   1.64120537
  1.86  -1.36268452
  3.00   2.04045067
  2.54   0.60483203
  0.69  -1.55449119
  1.43   0.40788764
  3.73   0.84530088
  4.08   0.46022083
  3.15   0.15977599
  2.65  -2.94372888
  2.99   1.23030767
  2.08   1.08232787
  3.21   1.25720175
  2.99  -1.56049027
  7.17   0.46072930
  3.01   2.30900123
  0.34   1.37509748
  1.23  -0.37946999
  4.14   0.38080542
  2.59  -1.02964904
  5.60   1.00482308
  7.43   2.05039528
  2.37   1.02157157
  3.21   1.88827493
  4.45   1.65349760
  0.84  -3.47360846
  4.80   1.35999927
  0.23  -2.51404981
  1.10  -1.47255628
  5.64   2.22363808
  5.91   1.84035605
  7.39   2.20632333
  5.08   2.96753482
  3.67   0.84217484
  1.18  -0.88451285
  4.30   0.54140732
  5.25   3.25636442
  3.08   0.32415226
  3.10  -1.54332758
  3.15   0.93105825
  3.13   0.99863121
  2.54   1.86062238
  3.46   2.70405950
  2.43  -0.26604828
  4.67   1.15345834
  1.99  -1.11984020
  1.58  -0.45829719
  3.71   1.06953188
  0.89   0.64757641
  6.71   0.23088248
  3.51   1.62114562
  5.30   1.77320921
  4.37   2.36527601
  3.00  -1.58323526
  3.48   1.45693200
  1.82  -0.90904563
  4.00   1.65094014
  0.98   0.52044434
  6.35   2.42226384
  2.28  -1.00570435
  4.36   0.10530867
  2.67  -2.70348617
  2.02  -0.49927070
  1.39   2.33921361
  5.15   0.81914152
  5.60   3.59840701
  3.65   0.94703529
  5.34   2.12787149
  5.26   2.50413202
  5.20   3.10837941
  2.70  -1.64931989
  2.85  -0.43584094
  2.58  -2.95709707
  0.77  -2.62319505
  6.35   4.30209629
  6.94   1.34781508
  6.12   3.86499859
  3.30   0.23540561
  0.34  -3.59067607
  3.30  -0.12588054
  5.35   2.92310927
  3.56   0.27652711
  4.70   0.46911374
  7.20   0.30882532
  2.70   2.27139166
  3.10   1.07898755
  0.44  -3.04818935
  6.89   0.26337424
  3.62   0.03341219
  3.43  -0.11687357
  2.79   0.26043222
  2.74   0.56553652
  2.54   2.67099658
  2.47  -0.98909147
  4.90   0.04511832
  3.44   0.86048010
  2.75  -0.11762893
  5.37   0.91376211
  4.04   0.87497917
  3.68   1.02793701
  1.52  -0.37895174
  3.02  -0.04716292
  7.75   1.42841169
  3.60   0.67596905
  3.77   0.71347725
  4.14   0.95157256
  3.12  -1.08902580
  3.22  -1.00497982
  3.81  -1.02789899
  2.37  -0.71771181
  0.58  -0.08040393
  6.39   3.13372229
  3.82  -2.67089463
  2.35   1.98765638
  4.88  -0.81874381
  4.00   2.22943418
  2.61  -3.41580555
  3.14   1.44604887
  1.50  -2.16584269
  2.77  -0.52155809
  0.04   0.69578647
  3.71  -1.12520618
  3.54  -1.52194978
 -3.43  -3.38319346
  3.07  -1.02385131
  4.76   0.90502762
  3.73   1.74008805
  6.18   3.71326149
  6.03   2.09660494
  5.55  -1.21968501
  1.69   0.74153789
  5.07   2.13769885
  1.91  -0.79223382
  5.95   1.21083985
  3.90  -0.63523030
  4.04   0.55579429
  2.82   1.67500237
  1.59   1.12448986
  5.44   1.69839896
  3.61  -2.11382579
  3.85   0.68972531
  3.74  -0.69377222
  0.43  -1.14144277
  3.00  -2.95424540
  1.89  -1.57342474
  2.53   2.53454695
  2.59   0.94434694
  3.64   0.44598781
  1.84  -0.11995515
  4.53  -0.75429629
  4.84  -0.55096960
  3.78   3.53165857
  6.33   3.42125340
  4.48   2.32763516
  2.85   0.93269568
  4.79   1.10641888
  4.39   3.88641162
  4.28   0.08517582
  4.05  -0.40936864
  4.28   1.25526389
  6.27   1.15587172
  2.83   1.42395110
  3.12  -1.56395573
  1.44  -1.55489045
  2.68   0.85247221
  2.24   0.45386218
  4.89   4.61345218
  6.13   2.12544431
  4.18   1.97675918
  3.83  -0.02541244
  3.85  -0.47324806
  4.08  -0.20860523
  4.02  -0.14816394
  5.56   1.91744181
  3.00  -2.75054827
  6.55   1.95979559
  3.84  -0.45333425
  1.95   1.26164070
  3.23   1.55736317
  3.57   0.94884403
  2.35   1.05926191
  7.19   4.59127915
  5.80  -0.56121310
  1.06   1.44552637
  3.44  -1.37980275
  4.71   1.19618777
  5.06   0.61621324
  3.80  -2.01283640
 -0.00  -1.53752706
  3.50  -0.55138464
  4.81   1.21078245
  3.93   0.63868499
  6.89   4.78609683
  4.86   1.23143364
  2.12   1.00749436
  5.80   3.20949322
  4.10   1.97486689
  6.21   4.65203006
  1.48   1.06193396
  3.91  -2.03226632
  3.27  -0.50447748
  3.88   0.67667371
  3.24   1.03993379
  5.94   0.44495001
  2.78   2.30740962
  4.48   0.15687348
  2.99  -0.62123747
 -0.10   0.06937355
  0.23   1.01094674
  1.20  -1.09197271
  4.31   1.07816262
  3.34   1.67666234
  1.82   0.35948880
  3.97   3.11591929
  4.21  -1.48214166
  2.41  -0.93964787
  5.03  -1.66942384
  3.46  -1.42457187
  1.51   1.30066947
  6.96   1.57374102
  1.54  -0.96315783
  6.52   4.05397022
  2.57   0.10154174
  4.32   0.34579153
  2.84  -3.05931086
  4.00   2.50577370
  4.14   1.64599084
  2.97  -0.78685225
  3.21   0.46830783
  2.11  -1.43304901
  8.19   3.78694576
  2.68   0.76333547
  4.35   1.44602601
  1.70  -1.19088823
  6.28   0.13331545
  5.14   0.24369758
  6.63   0.54832149
  5.93   2.40289463
  0.37   0.99805827
  5.41  -1.15221009
  1.51  -2.42734120
  2.19   1.03282131
  5.85  -0.10802592
  1.22  -0.56356459
  2.38  -0.34600514
  0.20  -0.90046386
  0.61  -1.98809498
  3.61  -0.40582128
  1.72   2.56040902
  4.35   1.50888726
  2.56   0.43980890
  2.10  -1.54353922
  3.40   2.21721930
  3.98   1.17695162
  5.45  -0.26716247
  3.54  -2.35519114
  1.77  -2.50131002
  3.32   3.34172105
  5.01   2.81682221
  4.94  -0.83752435
  1.89  -1.79192184
  4.31   1.41889754
  0.87   0.29887961
  3.29   0.39630122
  7.36   1.10401413
  6.57   1.50121395
  2.12   0.36453934
  4.23   0.69104906
  2.35   0.27488258
  4.97  -2.25694585
  2.49  -0.23032944
  4.75   1.09892802
  3.40  -2.15413168
  3.22   0.29943373
  2.51  -2.74634130
  4.14  -0.97942342
  1.40  -0.37636915
  5.51  -0.01465042
  0.27   0.64560022
  1.40  -2.00242140
  3.96   1.57268489
  1.24   0.63034444
  4.53   1.22247975
  3.48  -2.80576294
  2.15  -0.32356555
  3.71   0.90910729
  4.33   0.88693263
  3.75  -0.84156711
  5.20   1.21902545
  2.44  -1.77311438
  3.96   3.05189634
  1.85  -2.15548953
 -0.19  -0.61411990
  2.99  -2.07582764
  2.28   0.51998182
 -1.05  -2.03108854
  3.10   2.60605338
  6.45   4.96232930
  2.31   2.36317401
  3.42  -0.53198790
  3.24  -0.93119174
  2.54   0.08276637
  2.06   2.87179813
  1.71  -1.83701805
  3.03  -1.64728821
  5.31   1.94623753
  2.06   0.11199049
  1.98   0.55870040
  0.94  -0.00520115
 -0.44  -1.45180771
  2.16   0.36427601
  4.25  -1.00782696
  5.04   1.63961488
  4.14   1.77124235
  1.24   0.92187898
  7.58   1.66327356
  2.37  -0.19469007
  0.40   1.68215472
  6.03   1.25893522
  4.72  -1.98789653
  6.17  -0.10614579
  2.63  -1.30367920
  4.69  -1.30210647
  2.23  -1.81878332
  4.11   0.81911428
  3.88  -1.18076859
  0.95   0.32639675
  4.04   0.69315233
  2.62   0.79239198
  3.15   2.28290732
  4.64   0.13232362
  2.48  -0.88289836
 10.08   4.82587684
  3.77   0.80866050
  3.36   0.98477584
  4.31   2.24460304
  2.58  -0.93631546
  1.35   3.27913285
  3.39   0.06964158
  3.05   0.42423940
  5.72  -0.62462397
  3.44   3.15364607
  1.29  -1.17136317
  1.24  -1.48238672
  1.31   2.52828098
  6.17   0.59485585
  4.97   1.33160500
  6.49   2.97449619
  4.06   5.38929412
  4.71   1.99734601
  0.82   1.41771732
  4.34   1.48590933
  3.94   0.97794667
  4.17   0.96500159
  1.46  -2.81057827
  2.27  -0.48722564
  2.77  -0.25033852
  5.61   1.81102555
  4.49   1.12936866
  5.55   2.30247229
  4.53   0.28613312
  3.03   1.50030264
  4.77  -0.16284484
  1.12  -1.18452085
  4.99   3.11911522
  5.12  -0.01149681
  4.95  -0.11650285
  3.36   0.26046690
  3.33   0.67228070
  2.08   0.86386790
  5.47   1.12832122
  6.90   1.03670962
  5.62   1.88757714
  1.76  -0.39488624
  1.62  -2.19000856
  4.84  -0.56203427
  5.23   1.58097866
  7.04   1.08692544
  1.65  -1.57580933
  1.57  -0.29970436
  5.03   2.12234128
  0.76   0.35065781
  5.39   2.55290557
  3.53   1.04717503
  2.83  -0.37408591
  2.65  -1.52148646
 -0.58   0.49320940
  2.76  -1.04437609
  2.20   0.02418054
  3.39   1.72986117
  2.55   0.23944098
  1.10  -2.55999724
  5.14   1.12148485
  4.91   0.96828179
  5.56   2.03696520
  3.51   1.05816049
  2.47  -1.03011331
  1.67  -1.67984584
  5.26   2.60712297
  2.19   0.24990258
  4.20   2.58482023
  3.31  -0.29616698
  5.12   1.13313861
  6.49   2.47857576
  4.59   0.26462419
 -2.22   1.64822280
  2.99  -1.15774148
  1.44   0.45169699
  6.86   1.79626100
  1.13  -0.40175528
  3.66   0.13913200
  2.45   0.47956301
  2.53   1.71991792
  3.03   2.00549569
  5.69   3.55179515
  2.60  -1.45746670
  3.85   0.47093083
  3.62  -0.04166911
  4.34   0.58175458
  2.40  -0.72714956
  6.51   3.86232940
  5.02  -0.06619171
  2.38   2.76553505
  2.78  -0.78053152
  2.22  -0.26264503
  0.54  -0.37799066
  0.98  -3.02563226
  4.05  -2.14964156
  6.85   1.21245301
  1.27  -0.08613460
  1.94  -2.14841531
  4.03   0.94077036
  4.66  -0.05907830
  6.79   3.28059615
  3.33   2.34335651
  0.93   0.67629424
  4.55   0.76516669
  3.50   1.07940422
  3.74   2.30448957
  3.74  -0.23847139
  2.38   1.99797312
  4.33   2.19638672
  4.82   1.30800222
  5.78  -0.50708110
  5.36   1.54935242
  3.26  -0.59573546
  2.69   1.18446433
  6.80   2.69457408
  3.07  -1.16157483
  5.63   3.68819443
  6.54   2.98504075
  1.58   1.44178580
  6.66   2.10353559
  3.25   3.34149941
  4.05   0.19018990
  4.85   0.26282655
  4.18   2.78877262
  5.83   3.39173992
  5.77   0.11959145
  2.33  -0.45985385
  5.71   3.30551428
  5.12  -0.00607390
  4.75   0.18527191
  4.59  -1.33893454
 -1.28   0.00672659
  3.17  -1.21236443
  1.89  -1.36065819
  4.01  -0.47025118
  1.57   0.50557718
  0.10  -4.26404588
  1.19   0.24393949
  3.31   2.55602800
  5.80  -0.81154870
  3.35   0.92806882
  2.22  -0.72658155
  3.62   3.20518476
  5.13   2.71324369
  6.29   2.91654261
  3.81  -3.97373261
  3.73   2.27772484
  4.39   1.91461491
  4.37   1.45345065
  4.15   0.08662520
  1.27   1.13682465
  4.87   1.99385193
  4.57   2.94630267
  5.26  -0.31260727
  2.46  -0.50757213
  6.47   2.33485204
  4.70  -1.64773816
  6.21   0.58294526
  1.94   0.63673525
  2.89  -0.15471617
  6.63   5.55501199
  2.43  -0.48691396
  6.66   2.72077326
  3.15   2.32155110
  3.53   0.12898209
  4.55   2.94946802
  0.90  -0.21770642
  1.36   0.83162974
  0.35  -3.05765479
  0.84  -2.47550660
  2.92  -0.09667663
  4.39   1.33692274
  3.23  -0.42983170
  3.58   4.65169032
  3.47   0.19490481
  5.97   3.92989830
  4.23   0.40450585
  4.83   1.52847702
  6.49   3.88484243
  4.82   0.10962164
  0.08   0.10860476
  3.96   1.98472223
  5.20   0.47574671
  2.85  -2.25038638
  0.26  -0.70077110
  2.45  -0.03733366
  4.18  -1.28881394
  4.81   0.37661635
  2.64   0.64417952
  5.42  -0.14169327
  3.63   1.89488257
  0.11   1.87574592
  2.47  -1.94821896
  4.90   1.69016201
  3.41  -1.44254026
  7.69   5.53838912
  1.45  -1.31534356
  0.49  -2.05004102
  2.25   0.47091241
  0.26  -1.43563454
  4.10  -0.20706184
  6.72   2.36095805
  5.99   3.65875608
  1.41  -0.06370947
  2.49  -0.57035274
  2.68   3.97413543
  4.13   1.29499814
  1.70  -2.42708433
  4.54   1.37294360
  5.73   2.07129385
  3.13  -0.32323209
  2.81   0.70183831
  1.34  -0.82624516
  4.61  -1.32725190
  4.54  -0.38052747
  3.18   0.55125181
  4.22  -1.21355768
  2.07  -2.37076251
  3.45   0.15492419
  5.55   6.11729114
  1.22  -0.82821475
  2.46  -0.61142075
  5.09  -2.49410840
  4.31   0.64384803
  6.83   2.67946894
  6.00   2.28884641
  0.76   1.36561009
  3.94   2.09989860
  3.06   0.79904841
 -0.01  -0.39565115
  5.21   2.56008955
  2.79   1.16358767
  3.33   2.15082561
  5.31   0.81546981
  4.53   0.70440118
  2.47  -0.98711490
  6.10   3.23809789
  3.40  -0.47690220
  2.86  -0.16836744
  2.13   1.34044261
  3.22   0.72407169
  4.96   4.34640370
  3.12  -0.62533229
  1.43  -1.49810368
  4.28   0.43385795
 -0.16  -0.22600600
  2.03   1.01740659
  0.89  -0.34877949
  4.52   3.50466622
  5.67   2.55290233
  3.51   0.45000225
  3.31  -0.10341094
  3.49   1.51506300
  2.86   0.94188006
  4.64  -1.04618489
  4.62   3.40016495
  3.31   0.25961095
  3.81   1.87279282
  3.63  -3.72651372
  6.98   0.66096045
  3.93  -0.11905306
  4.30  -1.12102197
  3.14  -0.03028287
 -0.35   0.18844590
  3.57  -1.06478814
  3.04  -2.16365390
  5.38   1.63837306
  1.24  -1.39506845
  2.87   1.02865985
  4.27   1.85378648
  3.46   4.43942947
  3.55  -0.19625227
  5.98   2.79572266
  4.20   0.89302982
  6.96   0.82572326
  2.24  -1.07096312
  6.23  -0.71610555
  3.33  -1.44371570
  2.31   1.32459069
  1.53  -2.71765467
  1.63  -1.02975402
  3.15   0.54965259
  3.75  -0.48360671
  3.63   1.33662145
  2.16  -1.69216084
  3.63  -1.03946242
  4.96   1.50161418
  2.08   1.86998206
  2.34   0.26433898
  3.01   0.03344476
  4.03  -0.75045165
  3.73   0.17984865
  6.55   2.07709330
  7.88   2.42642061
  0.84  -0.07264485
  3.54  -1.97354616
  1.64   0.58193370
  5.29   0.49659991
  4.12  -2.18696927
  1.20  -0.20465003
  2.73  -0.22707196
  4.25   0.64608081
  5.47   0.65115952
  4.97   2.10394357
  5.18   2.57067782
  4.27   0.20137677
  1.70   0.98334427
  2.50   0.55376871
  6.30   1.76102110
  5.56   6.67450455
  5.20   3.11881716
  2.55   0.34548590
  4.95  -1.57951850
  4.84   1.21758434
  3.70  -1.27986031
 -0.02  -1.75202957
  1.75   2.79325308
  1.34   0.31224469
  5.23   1.31780988
  4.24   4.06072571
  3.34   1.19421088
  6.01   0.67353761
  3.25  -0.59218098
  5.63   0.09844464
  1.48   0.75239300
  2.59   0.71978363
  3.64   1.47519139
  5.13   3.27760095
  1.28  -0.68181553
  4.91   1.96945675
  3.49  -0.76159310
  2.91   3.68413612
  1.75  -2.88883613
  3.01  -0.83739424
  2.35   0.80063393
  3.21   0.77641508
  2.75   2.00873442
  4.83   0.45328804
  3.07  -0.31404056
  0.39  -4.31032437
  5.09   1.66196071
 -0.93  -3.09712611
  0.32  -1.73832431
  2.08  -0.35301003
  5.32  -0.91525015
  4.16  -0.65646685
  4.46   0.87510095
  5.25   3.43183809
  3.62  -0.51758859
  5.24   0.61494700
  3.58   1.87294522
  6.11   2.31351061
  6.12   3.36453957
  2.75   0.35147471
  1.15  -2.02423958
  1.00  -0.38021631
  3.75   0.56221782
  3.56   3.05310001
  6.71   1.86334121
  1.16   0.35662944
  2.65  -1.93886187
  0.95   2.77209776
  2.43  -0.21471026
  4.70   2.05480190
  2.19   1.26750458
  3.42   1.80035905
  7.42   1.11161476
  8.15   3.15729400
  3.49   2.21221437
  2.77   2.36996629
  3.70  -0.61779106
  6.65   3.26508547
  0.25   0.61647856
  5.53   1.99020226
  3.99   0.37025472
  5.06  -1.39229831
  5.66   1.51461848
  0.36  -1.13390164
  5.18   0.22414952
  2.36   0.76236334
  1.52  -2.30699429
  4.27   0.53547887
  1.23  -0.20966129
  5.77   2.77658321
  1.70  -2.17264760
  2.98   1.39463531
  3.22   0.62514464
  3.93  -0.00356799
  4.48  -0.82946002
  2.73  -0.38297789
  1.40  -0.24819274
  4.92   0.16574773
  6.19   0.70549450
  4.17  -0.50775364
  5.17   2.66565561
  1.80   0.12811964
  2.09  -0.19345808
  4.21  -0.80051787
  6.71   2.09770395
  4.21   1.84164146
  8.91   4.37901439
  4.67   0.57979372
  3.26  -0.14465086
  2.23   1.75791298
  5.80   2.06926120
  3.86   0.12090380
  3.67   2.63298911
  4.88  -0.43761749
  5.73   2.10664521
  2.88   0.57232626
  2.78   2.24954478
  0.63  -0.47859542
  5.24   1.75220508
 -1.34  -1.60541146
  2.62   0.02045799
  7.45   2.34962140
  5.16  -0.25663006
  3.47   0.51279909
  2.18   3.82185843
  2.20  -0.45131021
  2.65  -0.71396165
  5.28   1.46730264
  4.07  -0.17826061
  2.00   0.03433685
  3.90   4.22301772
  3.35   0.16537052
  4.71   2.71355827
  3.16   3.71609207
  1.05  -0.47187763
  3.21  -0.97691401
  3.78   0.53285894
  6.75   3.55720995
  0.50  -2.65281171
  2.77   2.06961708
  3.65   1.75524089
  4.00   1.03949629
  1.48  -2.35790823
  8.19   2.72858334
 -0.06  -2.25290050
  0.86  -2.40940079
  2.86   0.02571929
  1.35  -0.23413855
  4.24   0.64822248
  1.21   1.36575140
  2.54   0.54111653
  5.01   1.38903002
  5.02   0.36197844
  6.58   4.10639397
  6.39   2.88491718
  5.47   1.31300446
  4.88   0.58677435
  4.62   4.22666817
  5.41   0.55738951
  2.92   1.30133160
  6.45   1.42582055
  1.07   1.71897007
  4.37   1.10184527
  4.94  -0.37139339
  4.72   4.00279682
  4.78  -1.06545694
  3.84  -2.12818185
  2.09   0.85627977
  7.88   1.61366199
  2.68   3.51106431
  2.23  -0.63640954
  3.04  -1.37528852
  1.57  -0.92844702
  2.24  -2.31726651
  5.21   0.39512524
  2.68  -0.07205998
  3.37  -1.33916043
  5.46  -0.16007659
  4.94   1.95588914
  2.12  -1.28143329
  6.13   0.29318076
  3.80  -0.34864576
  5.89  -0.53187784
  3.61   3.56492371
  2.53  -1.37882229
  4.41   1.69189367
  5.37   4.03973975
  2.38   2.70219218
  6.30   1.87368300
  2.24  -1.64400908
  3.07   3.17844964
  2.74   1.64919790
  3.73   2.12950800
  5.27   2.47451152
 -0.09  -1.72234664
  3.83   0.83144566
  1.71   0.55406817
  1.74  -0.10599093
  0.11  -1.52095063
  2.82   0.38785183
  3.12   2.73946538
  2.16  -2.06326239
  3.58   2.97454781
  2.74  -3.41685454
  2.35  -2.34824500
  7.73   1.98997780
  6.36   2.87543076
  2.30  -1.12377436
  1.79   0.96790165
  4.38   1.05766097
  2.16  -0.26507842
  1.29   0.72075650
  7.58   2.08758960
  5.10  -1.74335044
  1.34   2.00598477
  4.69  -2.46752989
  5.76   2.77832277
  3.89   1.88148238
  4.60  -0.05270753
  1.44  -2.35308398
  5.00  -0.71806098
  2.81   2.11220621
  3.40   1.45170846
  3.43  -0.93852864
  4.08  -1.40798120
 -0.18  -0.43701993
  2.69  -1.24650579
  4.78   0.72333213
  3.01   0.34577335
  2.83  -0.14608175
  5.30   1.20175737
  1.19  -1.65281323
  2.09   1.69904882
  5.76   0.54260669
  1.36  -2.15821263
  4.14   1.37544769
  5.95  -0.06266371
  0.73  -0.83497322
  6.57   1.04714672
  4.30   1.61749405
  2.61  -1.33068170
  2.85   0.72931443
  1.81  -0.95389144
  4.65   3.14509277
  3.67   0.94117981
  4.34   2.18500604
  4.30  -1.07011720
  5.84   1.96973582
  4.41   1.30716111
  2.79   0.84307485
  1.16  -2.06676382
  3.77   3.63806757
  4.23   1.39053033
  3.71   0.31981633
  3.94   1.60928301
  7.00   3.83514047
  4.05  -3.18998250
  2.09   0.89788987
  3.57   1.92603887
  3.08  -2.27280243
  2.19   0.87339138
  3.28  -1.44180543
  6.41   3.10076773
  2.15   0.03853969
  4.82   0.95168926
  3.22   1.93394541
  5.21  -0.76520139
  4.48   0.01038509
  3.59   0.20036640
  5.51   2.03486849
  6.57   3.65869742
  1.82   2.11493772
  0.10  -1.04159435
  6.50   2.64994082
  3.68  -1.30999830
  2.16  -1.16904564
  4.19   1.87372498
  4.41  -0.76136126
  5.64   0.05713473
  5.46   0.47416676
  4.91   0.56285096
  0.70   0.86923791
  0.94  -2.77892704
  4.75   0.91096541
  2.32   0.00106764
  3.67  -0.51627497
  4.58   1.15847293
  2.78   0.81178853
  4.85   0.92841073
  6.07   1.61467792
  7.39   4.96146914
  5.53   1.94082119
  1.05  -0.99788137
  4.34  -0.34793255
  4.13  -0.53635728
  1.18   0.50406422
  6.47   4.17354752
  6.00   2.21857718
  5.03  -1.78737310
  7.15   0.89345279
  4.20   0.43237181
  2.09   0.67750390
  5.96   1.45465828
  3.51   0.03717007
  3.24  -1.05454297
  4.21   0.96063872
  6.44   4.20414813
  2.94   2.35015072
  1.60   1.20686622
  3.63  -0.86088225
  0.99  -0.86489608
  3.56   0.04683537
  4.90  -1.42920463
  4.04   2.06928936
  4.25   0.54875358
  3.21   0.47314825
  4.18   0.48759138
  5.01   2.38843709
  4.92   1.35795174
  1.55  -0.59491103
 -0.70  -0.30135420
  2.40  -0.51262552
  4.97   1.44831376
  2.39  -3.24382909
  5.93   0.38216007
  2.98  -0.82150729
  3.29   2.18796313
  5.39   2.86339794
  7.58   3.76818409
  4.21   3.57008182
  3.17  -1.16027243
  4.73  -1.47764455
  3.39   2.37706555
  6.79   2.88199504
  3.08   2.44879711
  2.82  -2.06630867
  2.04  -1.83238358
  3.21  -1.51865850
  3.90   1.27644681
  6.19  -1.64432718
  2.40  -1.33808414
  3.13   0.61227498
  2.29   5.60066320
  1.63   1.73369134
  5.30   1.27349483
  3.46  -0.49797869
  4.85   0.12857084
  5.60   2.85041184
  5.36   2.91381270
  3.60   1.14786064
  4.27  -1.28822703
  1.63  -1.43900690
  0.45  -3.54209284
  4.40   0.40354347
  2.28  -0.66887372
 -0.22   0.14611156
  2.45  -0.34465044
  2.99   1.31852080
  5.75   2.08489029
  3.07  -0.57292725
  2.45  -0.26436765
  1.16   0.33932457
  2.48   0.23398068
  2.30  -2.08658322
  1.87   1.25523426
  5.09   1.60588302
  5.21   1.39888539
  3.91   3.55390453
  5.07   1.69847894
  5.31   1.77908841
  7.56   1.17719277
  3.99   0.34097429
  6.07   2.19438556
  7.11   5.13184525
  4.07  -0.31515501
  4.38   1.89819199
  3.00   1.10118436
  6.12   1.21144947
  4.50   1.56344142
  0.04  -2.90077976
  3.65  -0.96529176
  5.14   3.02218073
  4.20  -0.12906747
  2.32  -0.67934519
  2.93   2.41692179
  5.93   2.65991280
  0.74   1.03123094
  4.54   2.97076976
  3.95   0.04457823
  4.00   2.60103824
  3.69  -2.71001121
  4.80   0.18684644
  1.27  -1.62231391
  2.71  -0.79442710
  2.55   1.81448583
  2.72   2.20572905
  4.16  -2.19311110
 -0.23  -0.99794842
  4.58   0.55235990
  5.33  -0.44745073
  3.09   0.16687111
  5.44   1.69269336
  2.18   2.50390763
  1.97   1.73769567
  2.64  -0.70717670
  4.48  -0.50776483
  3.50  -0.06789092
  3.48  -0.05942140
  5.88   4.73838292
  1.49  -3.10252430
  2.32  -1.42709540
  3.44   2.76954926
  4.29   0.68431262
  1.31   2.53361898
  2.12   0.18396280
  2.41   1.02557546
  3.50   0.78549214
  4.22   1.10119866
  5.55   2.89681211
  4.15   0.76018375
  3.86   1.66899135
  3.13   1.33790095
 -1.12   0.36454125
  1.50   1.08810070
  7.08   0.51829148
  2.53   1.15356742
  2.39   1.24623638
  4.11  -1.46941548
  4.91   1.94303882
  5.08  -1.10673310
  4.64   0.38717884
  3.29   1.00824583
  4.81  -0.61899578
  4.41   3.47368019
 -0.21   0.22226773
  4.03  -1.85351132
  3.56  -1.13355502
  2.19  -0.54278639
  5.11   2.33260575
  4.21  -0.40950089
  5.35   0.37198260
  5.87   1.10224446
  6.29   2.02779729
  3.37   0.28313778
  4.27   0.17231292
  5.37   2.08513393
  4.01  -0.93227619
  4.15   2.11075811
  1.62  -0.76195841
  3.57   1.94421754
  3.46   0.26185495
  0.59  -1.48228756
  3.07   0.19460961
  4.46   1.12011275
  1.14  -0.26584693
  1.43  -0.68362295
  0.49  -0.11487455
  5.65   5.61879551
  4.67   3.16544728
  2.52   0.01625308
  5.48  -0.44692453
  0.05  -2.93887425
  0.48  -2.20093229
  2.73  -1.41332872
  5.05  -0.22518933
  0.44  -0.36119139
  3.88  -1.18578387
  3.99   1.95525330
  6.19   0.69493346
  2.66   1.35840482
  5.89  -1.15671434
  4.33   0.79153594
  3.46   0.29203992
  0.90  -1.97944432
  3.23   2.04750692
  4.18  -0.96754308
  4.50   0.67631757
  4.07   2.35922446
  6.25   1.51665311
  5.99   3.98976051
  2.10   1.14212152
  2.76  -0.21235082
  4.28  -2.82949727
 -1.50  -2.98178650
  2.39   1.25193660
  2.89  -2.02527226
  4.29   1.28787465
  2.56  -1.24432907
  1.98  -0.44300417
  2.08  -1.06218091
  5.10  -0.14699719
  2.97   0.67829822
  2.30  -0.55920532
  4.99   0.79235960
  4.69   1.82720433
  1.28  -0.97765067
  4.70   1.91512913
  1.69  -1.11385049
  3.89   2.32746404
  1.98  -0.32184870
  5.55  -0.01195100
  1.65  -1.02549990
  6.02   3.41817344
  5.35  -0.39225509
  0.88  -0.41560446
  6.00   0.85278010
  5.73   5.60718342
  7.40  -1.03556084
  1.88  -0.29127571
  3.57   0.87433533
  5.89  -0.83610462
  4.28   2.54141863
  2.22   2.34965840
  4.44  -1.20015126
  3.82   1.68335232
  6.47   1.10067264
  7.25   2.25813776
  3.15   2.20823967
 -0.01  -1.42677253
  1.86  -0.65241855
  3.29   1.09440834
  3.77   0.24396103
  3.21   1.52221438
  2.87   1.88359000
  1.26   0.93400791
  1.77  -0.86370362
  1.89  -0.67860543
  1.31  -2.18252835
  5.45   2.42021247
  4.54   2.84190078
  5.13   2.23012527
  3.62  -2.06686901
  0.32  -2.13773866
  2.56   1.55265977
  5.95   0.99985166
  4.47  -2.48569081
  4.26   0.56109661
  3.23  -0.95536793
  3.92   0.39563129
  2.93  -1.13763580
  2.52   3.58812010
  6.14   0.84346981
  6.21   2.94215919
  5.51   1.98142321
  3.75   1.62902319
  4.47   3.27411547
  3.54   0.16474403
  2.42   1.85468873
  6.98   1.70422060
  1.33   1.18651753
  2.86   1.36429187
  5.81   3.39511195
  4.99   2.78299719
  2.61  -2.09093395
  2.52   0.94217325
  3.64   1.37184983
  4.81   0.32334615
  4.44  -0.38234977
  4.52   0.60635629
  6.38   1.29552009
  2.34   3.57080944
  3.91  -0.44771478
  6.25   2.72722868
  4.56   1.96204138
  5.56   0.84971335
  3.93  -0.52632282
  3.61   2.69921083
  5.92   1.60838554
  3.57  -0.19859025
  0.60   1.99222793
  4.99   2.90355704
  5.73  -1.29893956
  1.57   1.97731061
  3.43   0.56961267
  3.00   2.63872069
  5.24   1.21634953
  1.31   0.65218683
  0.92  -2.62730613
  3.48   3.60351751
  2.78   1.58663017
  0.69  -0.90247280
  3.13   1.42807954
  4.47   0.13722026
  3.54   0.61684950
  5.02  -2.83768275
  1.29   0.11972379
  2.47  -1.25655542
  8.40   0.54334018
  2.81   2.28776830
  5.90   2.15628769
  6.76   2.55704219
  3.56  -0.24023906
  4.00   0.24789103
  5.79   2.05590984
  4.26   3.26860838
  5.57   0.69619735
  3.24   2.47025343
  5.98  -0.83425019
 -0.38   0.84435600
  5.60  -0.22955924
  4.13   3.37528226
  0.69  -2.41993165
  4.44   1.00995090
  4.81   1.05986396
  3.20   0.91479622
  0.80   0.35574058
  2.28  -0.21375373
  2.46   0.28046689
  4.90   2.16698052
  2.09  -2.07196296
  3.98  -0.02319815
  2.46  -1.07865371
  4.38   1.23417145
  1.66  -0.82638719
  4.98   2.62089556
  3.79  -1.60478511
  1.25   2.01379678
  5.00   0.84074200
  2.67   2.13542912
 -1.87  -1.78780771
  6.07   1.13629566
  2.22   0.57258016
  4.85   0.77957702
  2.89  -1.20478178
  3.66  -1.68165164
  2.00  -1.22475447
  8.21   2.75314702
  2.12   0.86579014
  3.57   0.29058196
  4.86   4.11364819
  4.29   1.98561977
  3.48  -2.20442931
  3.15   0.60742198
  3.23   0.00089239
  3.06  -0.45141312
  6.46  -1.14356706
  6.88   0.74812575
  4.12   0.78137166
  3.55   0.51510460
  3.28  -0.82692406
  3.94   0.46549913
  0.39  -3.33111666
  3.33   1.40422252
  4.61   3.10595934
  6.46   1.87972146
  3.45  -0.07362176
  2.25   2.65734133
  2.36  -0.27219180
  3.44   0.13677976
  5.86   3.24456967
  4.43  -0.56565237
  5.10   3.43620813
  3.10  -2.09953224
  5.35   0.72535654
  3.85   1.15749289
  1.77   0.68590418
  1.90   0.64210472
  2.54  -0.14648084
  3.67  -1.68831218
  5.52   3.02875256
  2.64   0.63499072
  6.79   6.36476887
  5.35   3.82887993
  3.38  -1.22699490
 -0.51  -0.94752155
  3.43   0.09251361
  4.45  -0.62408237
  2.44  -0.07591819
  2.82   1.59356924
  2.75   0.63574585
  3.15  -1.18595999
  6.65   1.66657879
  4.99   3.96880908
  1.33   1.50605531
  3.63   0.16187241
  0.70   0.07889662
  4.05  -0.42521551
 -1.18  -4.19053558
  1.10   3.43349807
  3.19   1.65077119
  4.93  -0.72471203
  2.56   0.28542968
  3.87  -0.00612734
  2.35   2.05579210
 -0.12  -0.80206761
  3.12   2.39867386
  5.00   2.84099974
  1.71  -0.81526680
  3.29  -1.02514268
  3.75  -0.36634323
  3.24   0.81512601
  3.14  -1.24528287
 -0.32  -3.82298431
  3.64   3.50872403
  4.16  -2.48742435
  2.50   0.04252085
  5.42   0.25069448
  4.30   4.13594439
  2.01  -1.29030656
  4.25   0.49170092
  1.99   0.60526399
  3.96  -1.62027793
  3.63   3.77863786
  4.99   2.16258976
  2.00   0.84365649
  2.54   0.50086450
  3.59   0.42298965
  3.65   0.72412864
  1.95  -1.02059158
  2.87  -1.71730780
  4.65  -0.01638181
  3.62   0.06585930
  5.29   2.15276452
  4.04   1.48929133
  6.08   3.88108379
  3.75   1.65628080
  3.84   2.25268858
  2.29  -1.16030050
  4.40   2.87608933
  2.21  -2.31827835
  6.64   2.22473294
  2.56  -0.38829882
  2.20  -0.50185809
  3.51   3.18461930
  6.00   4.44694667
  4.03  -0.33899250
  2.22   0.00164568
  3.14   2.12444478
  5.15   2.55741476
  5.49   0.06326043
  5.19   1.33896882
  4.15   1.16326930
  4.38   1.75698854
  3.32   1.97451144
  6.31   2.82994784
  2.43  -0.77951132
  3.49  -2.99366299
  1.31  -1.19786466
  0.37  -2.06890343
  1.74   1.70826470
  5.44  -0.11828377
  3.00   0.34351463
  0.70  -1.69366748
  2.38  -2.41706740
  1.36   0.46687432
  2.48  -2.26653716
  5.30   1.95018835
  3.55  -0.37051118
  4.99   4.62845110
  3.68   2.08730596
  0.65  -2.03400666
  3.21   1.88828656
  5.34   2.98350449
  5.08   3.50948296
  4.64   2.28802004
  4.40   2.01742871
  1.37  -2.63030693
  0.15  -1.03947114
  5.15   3.03958793
  4.72   2.65738090
  1.20  -0.41156725
  5.94   4.94930559
  3.90   3.19960482
  1.71  -3.25906043
  1.10  -0.73827726
  1.80  -1.27997425
  2.32  -0.80088870
  6.77  -0.02886563
  5.32   0.09269449
  3.72   1.10027201
  4.85   2.19525752
  2.16   1.32515109
  1.84  -1.98019002
  2.91   0.90861054
  0.47   0.18039521
  4.14   3.63573678
  4.72  -0.64491918
  1.73  -3.59542003
  3.95   2.76757485
  3.46   2.01356723
  3.91   0.37084072
  5.30   2.39362558
  1.49   1.66366549
  0.78   2.25632842
  3.80  -0.76235793
  7.81   2.39791627
 -0.21  -3.19239455
  3.76   3.33034802
  2.66  -1.22404251
  3.92   2.88773955
  5.97   3.84016555
  1.27  -2.33533706
  5.47   2.48619862
 -2.05   0.11875496
  3.49   0.73724433
